[0, 0, 0, 0, 1, 1, 1, 1, 1, 0, 1]
Total Accuracy: 55.14341484473423%

[1, 1, 1, 0, 1, 0, 0, 1, 0, 1, 0]
Total Accuracy: 54.81616445346582%

[0, 1, 0, 0, 1, 0, 1, 1, 1, 0, 0]
Total Accuracy: 51.188203400333066%

[0, 0, 0, 1, 0, 1, 1, 0, 0, 0, 0]
Total Accuracy: 46.04696473686489%

[1, 0, 1, 0, 1, 0, 1, 0, 1, 0, 1]
Total Accuracy: 53.688564711349855%

[0, 1, 0, 1, 0, 1, 0, 1, 1, 1, 1]
Total Accuracy: 57.12100296840009%

[1, 0, 0, 1, 0, 0, 1, 1, 1, 1, 1]
Total Accuracy: 55.13680440225353%

[0, 0, 1, 0, 0, 1, 1, 1, 1, 0, 0]
Total Accuracy: 50.46058053522327%

[0, 1, 0, 1, 1, 1, 1, 0, 0, 0, 0]
Total Accuracy: 48.67685228849295%

[1, 0, 0, 1, 0, 1, 1, 1, 1, 0, 0]
Total Accuracy: 48.35868285504047%

Iteration 1 --------------
[0, 0, 0, 0, 1, 1, 1, 1, 1, 0, 1]
Total Accuracy: 55.14341484473423%

[1, 1, 1, 0, 1, 0, 0, 1, 0, 1, 0]
Total Accuracy: 54.81616445346582%

[0, 1, 0, 0, 1, 0, 1, 1, 1, 0, 0]
Total Accuracy: 51.188203400333066%

[0, 0, 0, 1, 0, 1, 1, 0, 0, 0, 0]
Total Accuracy: 46.04696473686489%

[1, 0, 1, 0, 1, 0, 1, 0, 1, 0, 1]
Total Accuracy: 53.688564711349855%

[0, 1, 0, 1, 0, 1, 0, 1, 1, 1, 1]
Total Accuracy: 57.12100296840009%

[1, 0, 0, 1, 0, 0, 1, 1, 1, 1, 1]
Total Accuracy: 55.13680440225353%

[0, 0, 1, 0, 0, 1, 1, 1, 1, 0, 0]
Total Accuracy: 50.46058053522327%

[0, 1, 0, 1, 1, 1, 1, 0, 0, 0, 0]
Total Accuracy: 48.67685228849295%

[1, 0, 0, 1, 0, 1, 1, 1, 1, 0, 0]
Total Accuracy: 48.35868285504047%

gBestValue + gBestPos : 
57.12100296840009 [0, 1, 0, 1, 0, 1, 0, 1, 1, 1, 1]
Iteration 2 --------------
[0, 1, 1, 1, 1, 1, 1, 1, 1, 0, 1]
Total Accuracy: 54.75128645858251%

[0, 1, 1, 1, 1, 1, 1, 0, 0, 0, 1]
Total Accuracy: 55.616617231300566%

[1, 1, 0, 1, 1, 0, 1, 0, 1, 1, 0]
Total Accuracy: 52.24995660167169%

[1, 1, 1, 0, 0, 0, 1, 1, 0, 1, 1]
Total Accuracy: 57.30704283107458%

[1, 0, 1, 0, 1, 0, 1, 0, 0, 0, 1]
Total Accuracy: 55.60521941784731%

[1, 0, 0, 1, 0, 1, 1, 1, 1, 1, 1]
Total Accuracy: 56.78635663629922%

[1, 0, 1, 1, 0, 1, 1, 1, 1, 1, 1]
Total Accuracy: 56.99594857810674%

[1, 1, 0, 0, 0, 0, 1, 1, 0, 0, 0]
Total Accuracy: 51.971118241650096%

[0, 1, 1, 1, 1, 1, 1, 0, 1, 0, 0]
Total Accuracy: 47.36061527666719%

[1, 1, 1, 0, 1, 0, 1, 1, 1, 0, 1]
Total Accuracy: 57.24388482243135%

gBestValue + gBestPos : 
57.30704283107458 [1, 1, 1, 0, 0, 0, 1, 1, 0, 1, 1]
Iteration 3 --------------
[1, 1, 0, 1, 1, 1, 1, 0, 0, 0, 1]
Total Accuracy: 54.80923313673094%

[1, 1, 1, 1, 1, 1, 1, 1, 1, 0, 1]
Total Accuracy: 56.3894643438879%

[1, 0, 0, 1, 1, 0, 0, 1, 1, 1, 1]
Total Accuracy: 56.392950334543016%

[0, 1, 1, 1, 1, 1, 1, 1, 1, 0, 0]
Total Accuracy: 50.91451930371312%

[1, 0, 1, 1, 1, 1, 0, 1, 0, 0, 1]
Total Accuracy: 56.13897693851561%

[1, 0, 1, 1, 1, 1, 0, 0, 0, 1, 0]
Total Accuracy: 48.49073212182515%

[1, 1, 0, 0, 1, 0, 0, 0, 1, 1, 1]
Total Accuracy: 55.33204015427479%

[1, 1, 0, 0, 0, 0, 1, 1, 1, 1, 0]
Total Accuracy: 52.900845185291494%

[1, 0, 1, 1, 1, 1, 1, 1, 1, 0, 1]
Total Accuracy: 56.133278202648555%

[1, 0, 1, 1, 1, 1, 1, 1, 1, 1, 0]
Total Accuracy: 54.02147932485415%

gBestValue + gBestPos : 
57.30704283107458 [0, 1, 1, 1, 1, 1, 1, 1, 1, 0, 0]
Iteration 4 --------------
[1, 0, 0, 1, 0, 1, 0, 1, 0, 1, 1]
Total Accuracy: 57.180239522322246%

[1, 0, 1, 1, 1, 1, 1, 1, 1, 1, 1]
Total Accuracy: 55.804279120733916%

[1, 0, 0, 0, 1, 0, 1, 1, 1, 1, 1]
Total Accuracy: 55.139441676519574%

[0, 0, 1, 0, 1, 1, 0, 1, 0, 1, 1]
Total Accuracy: 56.13504397925082%

[1, 0, 1, 0, 1, 1, 0, 1, 1, 1, 1]
Total Accuracy: 55.47711518440302%

[1, 1, 1, 1, 0, 1, 1, 1, 1, 0, 1]
Total Accuracy: 55.66532143239543%

[1, 1, 1, 0, 1, 0, 0, 0, 1, 1, 1]
Total Accuracy: 57.05083903434733%

[0, 1, 1, 0, 1, 1, 0, 1, 0, 0, 0]
Total Accuracy: 48.286432042318495%

[1, 1, 1, 0, 0, 1, 0, 0, 1, 1, 1]
Total Accuracy: 55.862627091036245%

[0, 1, 1, 0, 0, 1, 0, 1, 1, 1, 0]
Total Accuracy: 52.05171645514254%

gBestValue + gBestPos : 
57.30704283107458 [0, 0, 1, 0, 1, 1, 0, 1, 0, 1, 1]
Iteration 5 --------------
[1, 1, 0, 1, 0, 1, 1, 1, 1, 1, 1]
Total Accuracy: 56.067987297161224%

[1, 0, 1, 1, 1, 1, 1, 1, 1, 1, 1]
Total Accuracy: 55.804279120733916%

[1, 1, 0, 1, 0, 1, 0, 1, 0, 0, 1]
Total Accuracy: 55.28279079727626%

[1, 1, 0, 0, 1, 1, 1, 1, 1, 0, 0]
Total Accuracy: 52.905265436022205%

[0, 1, 1, 1, 1, 1, 1, 1, 1, 0, 0]
Total Accuracy: 50.91451930371312%

[1, 1, 1, 1, 1, 1, 1, 0, 1, 1, 0]
Total Accuracy: 51.001212077720595%

[1, 1, 1, 1, 1, 1, 0, 1, 1, 1, 1]
Total Accuracy: 57.77456368163625%

[1, 1, 0, 1, 1, 0, 0, 1, 1, 1, 0]
Total Accuracy: 54.489006326359984%

[0, 1, 0, 1, 1, 0, 0, 1, 0, 0, 1]
Total Accuracy: 55.80393512348591%

[1, 1, 0, 1, 1, 1, 1, 1, 1, 1, 1]
Total Accuracy: 55.80742658164695%

gBestValue + gBestPos : 
57.77456368163625 [1, 1, 1, 1, 1, 1, 0, 1, 1, 1, 1]
Iteration 6 --------------
[1, 0, 0, 1, 1, 1, 1, 1, 0, 0, 1]
Total Accuracy: 55.80997808441373%

[1, 1, 1, 1, 1, 1, 1, 0, 1, 1, 1]
Total Accuracy: 55.53676977471598%

[1, 0, 1, 1, 1, 1, 1, 1, 1, 1, 0]
Total Accuracy: 54.02147932485415%

[0, 1, 1, 1, 0, 1, 1, 1, 0, 0, 0]
Total Accuracy: 50.06926646573582%

[1, 1, 0, 1, 0, 0, 1, 1, 1, 0, 0]
Total Accuracy: 52.70091979396615%

[0, 1, 1, 1, 1, 1, 0, 1, 1, 1, 1]
Total Accuracy: 56.72364616579756%

[0, 1, 0, 1, 0, 1, 1, 1, 1, 0, 1]
Total Accuracy: 54.55349954551357%

[1, 1, 0, 1, 1, 0, 1, 1, 0, 1, 1]
Total Accuracy: 57.59202700947928%

[0, 0, 1, 1, 1, 0, 1, 0, 1, 0, 0]
Total Accuracy: 46.044745612896016%

[1, 0, 0, 1, 1, 0, 0, 1, 1, 1, 1]
Total Accuracy: 56.392950334543016%

gBestValue + gBestPos : 
57.77456368163625 [0, 1, 0, 1, 0, 1, 1, 1, 1, 0, 1]
Iteration 7 --------------
[0, 1, 1, 1, 1, 0, 0, 0, 0, 1, 0]
Total Accuracy: 52.642927553268315%

[1, 1, 1, 1, 1, 1, 1, 1, 1, 1, 1]
Total Accuracy: 56.456578320883374%

[1, 1, 1, 1, 1, 0, 1, 1, 1, 0, 1]
Total Accuracy: 57.57195499786995%

[1, 1, 0, 1, 1, 1, 0, 1, 1, 0, 1]
Total Accuracy: 54.15955947849106%

[1, 1, 0, 1, 1, 1, 0, 0, 1, 1, 0]
Total Accuracy: 51.453981597286294%

[1, 1, 1, 1, 1, 0, 1, 0, 1, 1, 1]
Total Accuracy: 56.595111707980514%

[0, 1, 0, 0, 1, 1, 0, 1, 1, 0, 1]
Total Accuracy: 52.05863091373415%

[1, 0, 1, 0, 1, 1, 0, 0, 1, 1, 1]
Total Accuracy: 56.78986016853587%

[0, 1, 1, 0, 1, 1, 0, 1, 1, 0, 0]
Total Accuracy: 49.61145169116792%

[0, 1, 0, 1, 1, 1, 0, 1, 1, 1, 0]
Total Accuracy: 53.841562613194455%

gBestValue + gBestPos : 
57.77456368163625 [0, 1, 0, 0, 1, 1, 0, 1, 1, 0, 1]
Iteration 8 --------------
[0, 1, 1, 1, 1, 0, 1, 1, 1, 0, 1]
Total Accuracy: 57.71754044245792%

[1, 1, 1, 1, 1, 1, 1, 1, 1, 1, 0]
Total Accuracy: 53.228892123829894%

[0, 0, 1, 1, 1, 0, 1, 0, 1, 1, 0]
Total Accuracy: 49.740405210533154%

[1, 1, 0, 1, 0, 1, 0, 0, 1, 1, 0]
Total Accuracy: 51.52018944908043%

[1, 1, 1, 1, 0, 1, 0, 0, 1, 0, 0]
Total Accuracy: 46.57146827593591%

[1, 1, 1, 1, 0, 1, 1, 0, 0, 1, 1]
Total Accuracy: 55.7315407887333%

[1, 1, 0, 1, 0, 1, 1, 0, 1, 1, 1]
Total Accuracy: 55.27938533842721%

[1, 1, 1, 1, 1, 0, 1, 1, 0, 1, 1]
Total Accuracy: 57.84163164045681%

[1, 0, 1, 0, 1, 0, 1, 0, 1, 0, 0]
Total Accuracy: 46.50315645951653%

[0, 0, 1, 1, 0, 0, 0, 1, 0, 1, 0]
Total Accuracy: 55.87413357116984%

gBestValue + gBestPos : 
57.84163164045681 [1, 1, 1, 1, 1, 0, 1, 1, 0, 1, 1]
Iteration 9 --------------
[0, 0, 0, 0, 1, 1, 1, 1, 1, 0, 1]
Total Accuracy: 55.14341484473423%

[1, 1, 1, 0, 1, 1, 1, 1, 1, 0, 1]
Total Accuracy: 56.19296172518036%

[1, 0, 0, 0, 1, 1, 0, 1, 1, 0, 0]
Total Accuracy: 49.27373865777285%

[1, 0, 1, 1, 1, 1, 1, 0, 1, 0, 0]
Total Accuracy: 48.48856493916261%

[1, 0, 1, 1, 1, 1, 1, 1, 1, 1, 1]
Total Accuracy: 55.804279120733916%

[1, 1, 1, 1, 0, 1, 1, 0, 1, 0, 0]
Total Accuracy: 48.47548757623184%

[0, 0, 1, 1, 1, 1, 1, 1, 1, 1, 1]
Total Accuracy: 57.11967869290159%

[0, 0, 1, 1, 1, 1, 0, 1, 1, 1, 0]
Total Accuracy: 52.311383005624705%

[1, 0, 1, 0, 1, 1, 0, 0, 1, 1, 1]
Total Accuracy: 56.78986016853587%

[1, 1, 0, 1, 0, 1, 0, 1, 1, 1, 0]
Total Accuracy: 54.549555081705044%

gBestValue + gBestPos : 
57.84163164045681 [0, 0, 1, 1, 1, 1, 0, 1, 1, 1, 0]
print history : 
0 57.12100296840009
1 57.30704283107458
2 57.30704283107458
3 57.30704283107458
4 57.77456368163625
5 57.77456368163625
6 57.77456368163625
7 57.84163164045681
8 57.84163164045681
Program execution time : 758.4537169933319 s
