[0, 0, 0, 1, 0, 1, 0, 0, 1, 0, 1]
Total Accuracy: 51.13185095578838%

[1, 1, 0, 1, 0, 0, 0, 1, 1, 0, 1]
Total Accuracy: 52.17800376802283%

[1, 0, 0, 0, 0, 1, 1, 1, 0, 1, 1]
Total Accuracy: 56.26661142207551%

[0, 1, 0, 1, 1, 1, 1, 1, 0, 1, 1]
Total Accuracy: 54.55347095501382%

[0, 1, 1, 1, 0, 1, 1, 1, 0, 1, 0]
Total Accuracy: 50.46445585786308%

[1, 0, 0, 1, 1, 0, 1, 0, 0, 1, 0]
Total Accuracy: 49.27463305061771%

[0, 0, 0, 0, 0, 0, 1, 1, 1, 0, 0]
Total Accuracy: 45.712759450242274%

[0, 0, 1, 1, 0, 0, 1, 0, 0, 0, 0]
Total Accuracy: 44.860087890157814%

[1, 0, 0, 0, 1, 1, 0, 0, 0, 1, 1]
Total Accuracy: 54.87714377490279%

[1, 1, 0, 0, 0, 1, 0, 0, 1, 0, 1]
Total Accuracy: 51.07091776643271%

Iteration 1 --------------
[0, 0, 0, 1, 0, 1, 0, 0, 1, 0, 1]
Total Accuracy: 51.13185095578838%

[1, 1, 0, 1, 0, 0, 0, 1, 1, 0, 1]
Total Accuracy: 52.17800376802283%

[1, 0, 0, 0, 0, 1, 1, 1, 0, 1, 1]
Total Accuracy: 56.26661142207551%

[0, 1, 0, 1, 1, 1, 1, 1, 0, 1, 1]
Total Accuracy: 54.55347095501382%

[0, 1, 1, 1, 0, 1, 1, 1, 0, 1, 0]
Total Accuracy: 50.46445585786308%

[1, 0, 0, 1, 1, 0, 1, 0, 0, 1, 0]
Total Accuracy: 49.27463305061771%

[0, 0, 0, 0, 0, 0, 1, 1, 1, 0, 0]
Total Accuracy: 45.712759450242274%

[0, 0, 1, 1, 0, 0, 1, 0, 0, 0, 0]
Total Accuracy: 44.860087890157814%

[1, 0, 0, 0, 1, 1, 0, 0, 0, 1, 1]
Total Accuracy: 54.87714377490279%

[1, 1, 0, 0, 0, 1, 0, 0, 1, 0, 1]
Total Accuracy: 51.07091776643271%

gBestValue + gBestPos : 
56.26661142207551 [1, 0, 0, 0, 0, 1, 1, 1, 0, 1, 1]
Iteration 2 --------------
[0, 1, 0, 0, 1, 1, 1, 1, 1, 1, 1]
Total Accuracy: 53.566198967097%

[0, 0, 1, 1, 0, 1, 1, 1, 1, 0, 1]
Total Accuracy: 51.849085217914286%

[1, 0, 1, 1, 1, 0, 1, 0, 0, 0, 0]
Total Accuracy: 46.2381696840465%

[1, 1, 0, 0, 0, 1, 1, 1, 1, 1, 1]
Total Accuracy: 53.9640144706657%

[1, 1, 1, 1, 1, 1, 1, 1, 1, 1, 1]
Total Accuracy: 56.19389074556278%

[1, 1, 0, 0, 1, 0, 1, 0, 1, 1, 1]
Total Accuracy: 54.08768774618015%

[1, 0, 1, 0, 1, 1, 1, 1, 1, 1, 1]
Total Accuracy: 52.83852427458726%

[0, 0, 1, 0, 0, 1, 1, 0, 1, 1, 1]
Total Accuracy: 53.89425775189825%

[0, 1, 1, 0, 1, 1, 0, 1, 1, 1, 1]
Total Accuracy: 52.37240264991787%

[1, 1, 1, 0, 1, 1, 0, 1, 0, 1, 0]
Total Accuracy: 49.67148513407919%

gBestValue + gBestPos : 
56.26661142207551 [1, 0, 1, 1, 1, 0, 1, 0, 0, 0, 0]
Iteration 3 --------------
[0, 0, 0, 1, 1, 1, 1, 1, 1, 1, 1]
Total Accuracy: 54.21132012930652%

[0, 1, 0, 0, 1, 0, 1, 0, 1, 1, 0]
Total Accuracy: 49.53992953751734%

[1, 1, 1, 1, 0, 0, 1, 1, 0, 1, 0]
Total Accuracy: 54.21323500935172%

[1, 1, 1, 1, 0, 0, 0, 1, 1, 1, 0]
Total Accuracy: 52.24864360290415%

[1, 1, 1, 1, 1, 0, 1, 0, 1, 1, 0]
Total Accuracy: 50.79301958961812%

[1, 1, 0, 0, 1, 1, 1, 1, 1, 1, 0]
Total Accuracy: 51.139000061509435%

[1, 0, 1, 1, 1, 1, 1, 1, 1, 0, 1]
Total Accuracy: 50.60384365666797%

[1, 1, 0, 1, 1, 1, 1, 0, 1, 0, 1]
Total Accuracy: 52.91132001540014%

[1, 1, 1, 1, 1, 1, 1, 1, 1, 1, 1]
Total Accuracy: 56.19389074556278%

[1, 1, 0, 0, 1, 1, 0, 0, 1, 1, 0]
Total Accuracy: 46.65559257512695%

gBestValue + gBestPos : 
56.26661142207551 [1, 1, 1, 1, 0, 0, 1, 1, 0, 1, 0]
Iteration 4 --------------
[1, 1, 1, 1, 1, 1, 0, 1, 1, 1, 1]
Total Accuracy: 54.943426577090705%

[1, 1, 0, 0, 0, 1, 0, 0, 1, 1, 0]
Total Accuracy: 45.66694448431168%

[0, 1, 0, 1, 1, 0, 1, 1, 1, 0, 1]
Total Accuracy: 52.44692384447679%

[0, 1, 1, 1, 1, 1, 1, 1, 1, 1, 0]
Total Accuracy: 52.49872948830979%

[0, 1, 1, 0, 1, 1, 1, 1, 1, 1, 0]
Total Accuracy: 51.64521502106129%

[1, 1, 0, 1, 1, 1, 1, 0, 1, 0, 1]
Total Accuracy: 52.91132001540014%

[1, 0, 1, 1, 1, 1, 1, 0, 0, 0, 1]
Total Accuracy: 51.89786436940292%

[0, 0, 0, 0, 1, 1, 1, 0, 1, 0, 0]
Total Accuracy: 45.71443376002661%

[0, 1, 0, 1, 1, 1, 1, 1, 1, 1, 1]
Total Accuracy: 53.960471299011054%

[1, 1, 1, 0, 1, 1, 1, 0, 1, 1, 1]
Total Accuracy: 53.76619896709701%

gBestValue + gBestPos : 
56.26661142207551 [0, 1, 0, 1, 1, 0, 1, 1, 1, 0, 1]
Iteration 5 --------------
[1, 0, 0, 1, 1, 1, 1, 0, 1, 1, 1]
Total Accuracy: 54.9411847857535%

[1, 0, 1, 1, 1, 1, 1, 1, 1, 1, 0]
Total Accuracy: 52.57018922126768%

[1, 1, 0, 1, 0, 1, 1, 1, 0, 1, 1]
Total Accuracy: 55.60355148681989%

[1, 0, 0, 1, 1, 1, 0, 1, 1, 0, 1]
Total Accuracy: 51.26438740013258%

[1, 1, 1, 1, 1, 0, 1, 1, 1, 1, 0]
Total Accuracy: 51.58201725909371%

[0, 1, 0, 1, 1, 1, 1, 1, 1, 1, 1]
Total Accuracy: 53.960471299011054%

[0, 1, 1, 0, 1, 0, 0, 1, 1, 0, 0]
Total Accuracy: 49.07939137546502%

[0, 1, 1, 1, 1, 1, 0, 0, 1, 1, 1]
Total Accuracy: 53.29470517613343%

[1, 0, 0, 1, 0, 1, 0, 0, 1, 1, 0]
Total Accuracy: 48.813945557309715%

[1, 0, 1, 0, 0, 1, 1, 1, 0, 1, 1]
Total Accuracy: 55.335089997425726%

gBestValue + gBestPos : 
56.26661142207551 [1, 1, 0, 1, 0, 1, 1, 1, 0, 1, 1]
Iteration 6 --------------
[1, 0, 0, 1, 1, 1, 0, 1, 1, 1, 0]
Total Accuracy: 52.16972528060835%

[0, 1, 1, 0, 0, 1, 0, 1, 1, 1, 0]
Total Accuracy: 49.07984415329976%

[1, 1, 1, 0, 1, 0, 0, 1, 1, 1, 0]
Total Accuracy: 50.13371993156505%

[1, 0, 0, 1, 0, 1, 1, 0, 1, 0, 0]
Total Accuracy: 46.18335326694869%

[1, 0, 1, 1, 1, 0, 1, 1, 1, 1, 0]
Total Accuracy: 50.92323382472543%

[1, 1, 0, 1, 0, 0, 1, 1, 1, 0, 0]
Total Accuracy: 48.16225495891398%

[1, 1, 1, 1, 1, 0, 0, 0, 1, 0, 1]
Total Accuracy: 54.48154705358384%

[1, 1, 1, 1, 1, 1, 1, 1, 1, 1, 1]
Total Accuracy: 56.19389074556278%

[0, 1, 0, 1, 1, 1, 0, 1, 1, 1, 0]
Total Accuracy: 50.21178999309727%

[0, 0, 1, 0, 0, 1, 0, 0, 1, 0, 1]
Total Accuracy: 51.44652312185476%

gBestValue + gBestPos : 
56.26661142207551 [1, 1, 1, 0, 1, 0, 0, 1, 1, 1, 0]
Iteration 7 --------------
[1, 1, 1, 1, 1, 1, 1, 0, 1, 1, 1]
Total Accuracy: 53.36840054948435%

[1, 0, 1, 0, 1, 1, 0, 1, 1, 0, 0]
Total Accuracy: 46.17019537221185%

[0, 1, 1, 1, 1, 0, 1, 0, 1, 0, 1]
Total Accuracy: 54.4166459357067%

[0, 1, 0, 1, 1, 1, 0, 0, 1, 1, 0]
Total Accuracy: 48.30214690732806%

[1, 0, 0, 1, 1, 0, 1, 1, 1, 0, 1]
Total Accuracy: 49.54639076264873%

[1, 1, 1, 1, 1, 1, 0, 1, 1, 0, 1]
Total Accuracy: 53.49908499010153%

[0, 1, 1, 1, 1, 1, 1, 1, 1, 1, 1]
Total Accuracy: 53.623279615087576%

[1, 1, 0, 1, 1, 0, 0, 0, 1, 0, 0]
Total Accuracy: 46.76888260125706%

[1, 1, 0, 0, 1, 0, 0, 1, 1, 1, 1]
Total Accuracy: 53.62332563326247%

[1, 1, 1, 0, 0, 1, 0, 1, 1, 1, 1]
Total Accuracy: 54.28157587189632%

gBestValue + gBestPos : 
56.26661142207551 [0, 1, 1, 1, 1, 0, 1, 0, 1, 0, 1]
Iteration 8 --------------
[1, 1, 0, 1, 1, 0, 1, 0, 1, 0, 0]
Total Accuracy: 47.502227439134124%

[1, 1, 1, 0, 1, 1, 0, 1, 1, 0, 0]
Total Accuracy: 47.96317782835221%

[1, 1, 0, 0, 1, 1, 0, 0, 1, 0, 0]
Total Accuracy: 44.09589788977052%

[1, 1, 0, 0, 1, 1, 1, 0, 1, 1, 0]
Total Accuracy: 49.6789669603173%

[1, 1, 1, 0, 0, 1, 1, 1, 1, 1, 0]
Total Accuracy: 51.576335495276304%

[1, 0, 0, 0, 0, 1, 0, 1, 0, 1, 1]
Total Accuracy: 56.60171645514254%

[1, 1, 1, 1, 1, 1, 0, 0, 0, 0, 1]
Total Accuracy: 54.27589410807892%

[0, 1, 0, 1, 1, 1, 0, 0, 1, 1, 1]
Total Accuracy: 55.73154693967747%

[1, 1, 1, 1, 1, 1, 0, 1, 0, 1, 1]
Total Accuracy: 54.74385657365072%

[1, 0, 0, 0, 0, 1, 0, 1, 1, 1, 1]
Total Accuracy: 54.48065835605765%

gBestValue + gBestPos : 
56.60171645514254 [1, 0, 0, 0, 0, 1, 0, 1, 0, 1, 1]
Iteration 9 --------------
[1, 1, 1, 1, 1, 0, 1, 0, 1, 1, 1]
Total Accuracy: 54.09511763111193%

[0, 1, 1, 0, 1, 1, 0, 0, 1, 0, 1]
Total Accuracy: 52.498248347788056%

[1, 1, 1, 1, 0, 1, 1, 0, 1, 0, 1]
Total Accuracy: 52.842927211549195%

[1, 1, 0, 0, 1, 1, 1, 1, 1, 1, 1]
Total Accuracy: 54.55963989639075%

[1, 0, 0, 1, 1, 0, 1, 1, 0, 0, 0]
Total Accuracy: 47.967495107721255%

[1, 0, 0, 1, 1, 1, 1, 0, 0, 0, 1]
Total Accuracy: 53.497812428096594%

[1, 1, 0, 1, 1, 0, 1, 1, 0, 0, 0]
Total Accuracy: 52.17240242210513%

[0, 0, 0, 1, 1, 0, 1, 1, 0, 0, 1]
Total Accuracy: 52.165832416387026%

[1, 1, 1, 1, 1, 1, 1, 1, 0, 0, 1]
Total Accuracy: 55.46408304230255%

[1, 1, 1, 0, 1, 1, 1, 0, 0, 1, 1]
Total Accuracy: 54.873250796775075%

gBestValue + gBestPos : 
56.60171645514254 [1, 0, 0, 1, 1, 1, 1, 0, 0, 0, 1]
Iteration 10 --------------
[1, 1, 1, 1, 1, 0, 0, 1, 1, 1, 1]
Total Accuracy: 57.11621024382798%

[1, 0, 1, 1, 0, 1, 1, 1, 1, 1, 1]
Total Accuracy: 51.72269470585957%

[1, 0, 1, 1, 0, 0, 0, 1, 1, 0, 1]
Total Accuracy: 52.175825308629314%

[1, 1, 0, 0, 1, 1, 1, 1, 1, 1, 0]
Total Accuracy: 51.139000061509435%

[0, 0, 1, 1, 0, 1, 1, 1, 1, 1, 0]
Total Accuracy: 52.18114541971081%

[1, 1, 1, 0, 0, 1, 1, 0, 0, 1, 1]
Total Accuracy: 54.4784968687138%

[1, 1, 1, 0, 0, 1, 0, 1, 1, 0, 0]
Total Accuracy: 47.49739416389305%

[1, 1, 0, 1, 1, 0, 1, 1, 1, 0, 1]
Total Accuracy: 51.653460020001965%

[0, 1, 1, 1, 1, 1, 1, 1, 1, 0, 0]
Total Accuracy: 49.599131122182804%

[1, 1, 1, 1, 1, 1, 0, 1, 1, 1, 0]
Total Accuracy: 51.9127072811232%

gBestValue + gBestPos : 
57.11621024382798 [1, 1, 1, 1, 1, 0, 0, 1, 1, 1, 1]
Iteration 11 --------------
[0, 1, 1, 1, 1, 0, 0, 1, 0, 1, 1]
Total Accuracy: 56.263182954139005%

[1, 1, 1, 0, 1, 1, 1, 0, 1, 0, 1]
Total Accuracy: 53.50516212294143%

[0, 0, 1, 1, 0, 1, 1, 1, 1, 0, 1]
Total Accuracy: 51.849085217914286%

[0, 1, 1, 1, 1, 1, 1, 1, 0, 1, 0]
Total Accuracy: 52.24429180990393%

[1, 1, 0, 1, 1, 0, 0, 0, 1, 0, 0]
Total Accuracy: 46.76888260125706%

[0, 1, 1, 0, 0, 1, 1, 0, 0, 0, 0]
Total Accuracy: 46.43514250826391%

[1, 1, 1, 1, 1, 1, 0, 1, 1, 1, 0]
Total Accuracy: 51.9127072811232%

[0, 0, 0, 1, 1, 1, 0, 0, 1, 1, 0]
Total Accuracy: 48.89109867253512%

[1, 1, 1, 1, 1, 1, 1, 0, 1, 1, 0]
Total Accuracy: 50.00265139865636%

[1, 1, 1, 0, 1, 1, 1, 1, 1, 1, 1]
Total Accuracy: 54.75216968860275%

gBestValue + gBestPos : 
57.11621024382798 [0, 1, 1, 1, 1, 0, 0, 1, 0, 1, 1]
Iteration 12 --------------
[1, 1, 1, 1, 1, 1, 1, 1, 1, 1, 0]
Total Accuracy: 51.90356857277592%

[0, 1, 1, 0, 1, 0, 1, 0, 1, 1, 0]
Total Accuracy: 48.14209091095483%

[1, 0, 0, 1, 0, 0, 1, 0, 1, 0, 1]
Total Accuracy: 50.987653232548965%

[1, 1, 1, 0, 0, 1, 1, 1, 0, 1, 0]
Total Accuracy: 52.370636417690115%

[1, 0, 1, 0, 0, 1, 1, 1, 0, 0, 0]
Total Accuracy: 49.3325218643284%

[0, 0, 0, 0, 1, 1, 1, 1, 0, 0, 0]
Total Accuracy: 49.58779698239235%

[1, 0, 1, 0, 0, 1, 0, 0, 1, 1, 0]
Total Accuracy: 44.7376647370927%

[1, 1, 1, 1, 1, 0, 1, 1, 1, 1, 1]
Total Accuracy: 55.86581510261825%

[1, 1, 1, 1, 1, 1, 1, 1, 1, 1, 0]
Total Accuracy: 51.90356857277592%

[1, 1, 1, 1, 0, 1, 1, 1, 1, 1, 0]
Total Accuracy: 51.37114125073755%

gBestValue + gBestPos : 
57.11621024382798 [1, 1, 1, 1, 1, 1, 1, 1, 1, 1, 0]
Iteration 13 --------------
[1, 0, 1, 1, 1, 0, 1, 1, 1, 1, 1]
Total Accuracy: 53.23020546431654%

[1, 1, 1, 1, 1, 0, 0, 1, 1, 0, 0]
Total Accuracy: 50.52498251537166%

[1, 0, 1, 1, 0, 1, 1, 0, 0, 1, 1]
Total Accuracy: 53.891591203694205%

[1, 1, 0, 0, 0, 1, 1, 1, 1, 0, 0]
Total Accuracy: 49.617500461320816%

[1, 1, 0, 1, 1, 1, 1, 1, 0, 1, 1]
Total Accuracy: 54.223262529131546%

[0, 1, 1, 1, 1, 1, 1, 1, 0, 0, 1]
Total Accuracy: 54.548741106759884%

[0, 1, 1, 1, 1, 0, 1, 1, 1, 0, 0]
Total Accuracy: 48.740417056796005%

[1, 0, 1, 1, 0, 0, 1, 0, 1, 1, 1]
Total Accuracy: 53.167460480183706%

[1, 0, 0, 0, 1, 0, 1, 1, 0, 1, 0]
Total Accuracy: 52.17500017085956%

[0, 0, 1, 1, 1, 1, 1, 1, 1, 0, 1]
Total Accuracy: 51.85128099107658%

gBestValue + gBestPos : 
57.11621024382798 [1, 0, 1, 1, 1, 0, 1, 1, 1, 1, 1]
Iteration 14 --------------
[1, 1, 1, 0, 1, 0, 1, 0, 1, 0, 1]
Total Accuracy: 54.42275211467182%

[0, 1, 0, 0, 1, 0, 0, 1, 1, 1, 1]
Total Accuracy: 54.08732051203193%

[1, 1, 1, 1, 1, 1, 0, 1, 0, 0, 1]
Total Accuracy: 55.46711614121657%

[1, 1, 1, 0, 1, 1, 1, 0, 0, 1, 1]
Total Accuracy: 54.873250796775075%

[0, 1, 0, 1, 1, 1, 0, 0, 0, 1, 1]
Total Accuracy: 57.3977431730215%

[1, 1, 0, 1, 1, 0, 0, 0, 1, 1, 1]
Total Accuracy: 56.06190503853452%

[0, 1, 0, 0, 1, 1, 1, 1, 1, 1, 0]
Total Accuracy: 50.74640181156696%

[1, 1, 1, 1, 1, 0, 1, 0, 1, 0, 1]
Total Accuracy: 53.36312600095225%

[0, 1, 1, 1, 1, 1, 1, 1, 0, 0, 1]
Total Accuracy: 54.548741106759884%

[0, 0, 1, 1, 1, 1, 1, 0, 0, 1, 1]
Total Accuracy: 53.62583635754754%

gBestValue + gBestPos : 
57.3977431730215 [0, 1, 0, 1, 1, 1, 0, 0, 0, 1, 1]
print history : 
0 56.26661142207551
1 56.26661142207551
2 56.26661142207551
3 56.26661142207551
4 56.26661142207551
5 56.26661142207551
6 56.26661142207551
7 56.60171645514254
8 56.60171645514254
9 57.11621024382798
10 57.11621024382798
11 57.11621024382798
12 57.11621024382798
13 57.3977431730215
Program execution time : 1151.8529410362244 s
