[1, 1, 1, 1, 1, 0, 1, 0, 1, 1, 1]
Total Accuracy: 56.595111707980514%

[0, 1, 0, 0, 1, 1, 1, 1, 0, 1, 0]
Total Accuracy: 54.22800912162239%

[1, 1, 0, 0, 1, 0, 1, 1, 0, 1, 1]
Total Accuracy: 56.60258225748763%

[0, 0, 1, 1, 1, 0, 0, 1, 1, 0, 0]
Total Accuracy: 49.35132108612005%

[0, 1, 1, 1, 1, 0, 1, 1, 1, 1, 0]
Total Accuracy: 55.991683353950386%

[1, 1, 1, 0, 0, 1, 1, 1, 1, 1, 0]
Total Accuracy: 53.42365186111624%

[0, 1, 1, 0, 1, 0, 1, 0, 0, 0, 1]
Total Accuracy: 56.79117874871571%

[1, 0, 1, 1, 1, 0, 0, 1, 1, 1, 0]
Total Accuracy: 51.31788466751868%

[0, 1, 1, 1, 0, 0, 0, 1, 1, 0, 1]
Total Accuracy: 55.875887729322%

[0, 1, 0, 1, 0, 0, 1, 0, 0, 0, 1]
Total Accuracy: 57.70534574001554%

[1, 1, 1, 0, 1, 0, 1, 0, 1, 1, 0]
Total Accuracy: 52.30915852805627%

[1, 0, 1, 1, 0, 0, 0, 0, 0, 0, 0]
Total Accuracy: 43.52847465697096%

[0, 1, 0, 0, 1, 1, 1, 1, 0, 1, 0]
Total Accuracy: 54.22800912162239%

[1, 0, 0, 0, 1, 1, 1, 1, 0, 1, 0]
Total Accuracy: 51.4516937877742%

[0, 1, 0, 0, 0, 1, 1, 0, 0, 0, 1]
Total Accuracy: 56.19738858248074%

[1, 0, 1, 0, 1, 1, 1, 0, 1, 0, 0]
Total Accuracy: 48.02717282102803%

[0, 1, 1, 0, 1, 0, 1, 1, 1, 0, 0]
Total Accuracy: 51.90706584016202%

[0, 0, 1, 0, 1, 1, 1, 0, 1, 0, 1]
Total Accuracy: 54.42066557772173%

[1, 1, 1, 0, 1, 1, 1, 1, 1, 1, 1]
Total Accuracy: 56.45656123492735%

[0, 0, 1, 0, 0, 1, 0, 1, 0, 0, 1]
Total Accuracy: 53.17403025808907%

Iteration 1 --------------
[1, 1, 1, 1, 1, 0, 1, 0, 1, 1, 1]
Total Accuracy: 56.595111707980514%

[0, 1, 0, 0, 1, 1, 1, 1, 0, 1, 0]
Total Accuracy: 54.22800912162239%

[1, 1, 0, 0, 1, 0, 1, 1, 0, 1, 1]
Total Accuracy: 56.60258225748763%

[0, 0, 1, 1, 1, 0, 0, 1, 1, 0, 0]
Total Accuracy: 49.35132108612005%

[0, 1, 1, 1, 1, 0, 1, 1, 1, 1, 0]
Total Accuracy: 55.991683353950386%

[1, 1, 1, 0, 0, 1, 1, 1, 1, 1, 0]
Total Accuracy: 53.42365186111624%

[0, 1, 1, 0, 1, 0, 1, 0, 0, 0, 1]
Total Accuracy: 56.79117874871571%

[1, 0, 1, 1, 1, 0, 0, 1, 1, 1, 0]
Total Accuracy: 51.31788466751868%

[0, 1, 1, 1, 0, 0, 0, 1, 1, 0, 1]
Total Accuracy: 55.875887729322%

[0, 1, 0, 1, 0, 0, 1, 0, 0, 0, 1]
Total Accuracy: 57.70534574001554%

[1, 1, 1, 0, 1, 0, 1, 0, 1, 1, 0]
Total Accuracy: 52.30915852805627%

[1, 0, 1, 1, 0, 0, 0, 0, 0, 0, 0]
Total Accuracy: 43.52847465697096%

[0, 1, 0, 0, 1, 1, 1, 1, 0, 1, 0]
Total Accuracy: 54.22800912162239%

[1, 0, 0, 0, 1, 1, 1, 1, 0, 1, 0]
Total Accuracy: 51.4516937877742%

[0, 1, 0, 0, 0, 1, 1, 0, 0, 0, 1]
Total Accuracy: 56.19738858248074%

[1, 0, 1, 0, 1, 1, 1, 0, 1, 0, 0]
Total Accuracy: 48.02717282102803%

[0, 1, 1, 0, 1, 0, 1, 1, 1, 0, 0]
Total Accuracy: 51.90706584016202%

[0, 0, 1, 0, 1, 1, 1, 0, 1, 0, 1]
Total Accuracy: 54.42066557772173%

[1, 1, 1, 0, 1, 1, 1, 1, 1, 1, 1]
Total Accuracy: 56.45656123492735%

[0, 0, 1, 0, 0, 1, 0, 1, 0, 0, 1]
Total Accuracy: 53.17403025808907%

gBestValue + gBestPos : 
57.70534574001554 [0, 1, 0, 1, 0, 0, 1, 0, 0, 0, 1]
Iteration 2 --------------
[1, 1, 1, 1, 1, 1, 1, 1, 0, 0, 1]
Total Accuracy: 56.788638864399026%

[0, 1, 0, 1, 0, 1, 0, 1, 0, 1, 0]
Total Accuracy: 54.42542356084992%

[1, 1, 0, 0, 1, 1, 1, 1, 1, 0, 0]
Total Accuracy: 52.905265436022205%

[1, 0, 1, 0, 1, 1, 1, 1, 1, 1, 0]
Total Accuracy: 52.645960196556835%

[1, 1, 1, 1, 1, 1, 1, 1, 1, 0, 0]
Total Accuracy: 51.57944286114586%

[1, 0, 1, 0, 1, 1, 1, 1, 1, 0, 1]
Total Accuracy: 55.8714334205856%

[1, 1, 1, 1, 1, 0, 0, 1, 1, 1, 1]
Total Accuracy: 58.23378838929553%

[0, 0, 1, 1, 0, 1, 1, 1, 0, 1, 1]
Total Accuracy: 56.790249728333286%

[1, 0, 1, 1, 1, 0, 1, 0, 1, 1, 0]
Total Accuracy: 50.00832735324873%

[1, 0, 1, 1, 0, 1, 1, 0, 1, 0, 0]
Total Accuracy: 46.37715003975332%

[0, 0, 1, 0, 1, 1, 0, 1, 1, 0, 1]
Total Accuracy: 52.1798271812501%

[0, 1, 1, 1, 0, 0, 0, 1, 1, 0, 0]
Total Accuracy: 51.2579429192381%

[0, 1, 0, 1, 0, 1, 1, 0, 1, 1, 0]
Total Accuracy: 51.97814729005346%

[0, 1, 0, 1, 0, 1, 1, 1, 1, 1, 1]
Total Accuracy: 57.191258824896295%

[1, 0, 1, 0, 1, 1, 1, 1, 1, 0, 0]
Total Accuracy: 49.60834455311112%

[1, 0, 0, 0, 0, 0, 0, 1, 0, 0, 0]
Total Accuracy: 47.82099260292011%

[1, 1, 1, 0, 1, 1, 1, 1, 1, 1, 0]
Total Accuracy: 54.21358424629292%

[1, 1, 1, 1, 1, 1, 1, 0, 0, 1, 0]
Total Accuracy: 50.39821383415687%

[1, 0, 1, 1, 1, 1, 1, 1, 0, 1, 0]
Total Accuracy: 52.24299623881154%

[1, 0, 1, 0, 1, 1, 0, 1, 1, 1, 0]
Total Accuracy: 51.389413086019815%

gBestValue + gBestPos : 
58.23378838929553 [1, 1, 1, 1, 1, 0, 0, 1, 1, 1, 1]
Iteration 3 --------------
[0, 0, 1, 1, 0, 0, 1, 1, 1, 0, 1]
Total Accuracy: 53.296470611016574%

[0, 0, 1, 1, 0, 1, 1, 0, 1, 0, 1]
Total Accuracy: 52.972333622655526%

[1, 0, 1, 0, 1, 0, 0, 1, 1, 0, 0]
Total Accuracy: 47.09563419651583%

[0, 1, 1, 0, 1, 1, 1, 1, 1, 0, 1]
Total Accuracy: 54.885038397838514%

[1, 1, 1, 1, 1, 0, 0, 1, 1, 0, 1]
Total Accuracy: 55.20611392459854%

[1, 1, 1, 0, 0, 1, 1, 1, 0, 0, 1]
Total Accuracy: 56.656979613037265%

[1, 0, 1, 0, 0, 1, 1, 1, 1, 1, 1]
Total Accuracy: 56.009117977387305%

[1, 1, 1, 1, 1, 1, 1, 1, 0, 1, 1]
Total Accuracy: 56.39256624225152%

[1, 1, 1, 1, 1, 1, 1, 1, 1, 1, 1]
Total Accuracy: 56.456578320883374%

[0, 1, 1, 1, 1, 1, 1, 0, 0, 0, 0]
Total Accuracy: 46.70959490337322%

[1, 0, 0, 1, 1, 1, 1, 0, 1, 0, 1]
Total Accuracy: 55.14296183908674%

[0, 1, 1, 1, 0, 0, 0, 1, 1, 0, 1]
Total Accuracy: 55.875887729322%

[0, 1, 1, 1, 1, 0, 0, 1, 1, 1, 0]
Total Accuracy: 55.00573564153209%

[1, 1, 1, 0, 1, 1, 1, 1, 1, 1, 0]
Total Accuracy: 54.21358424629292%

[0, 0, 0, 0, 0, 1, 1, 0, 0, 1, 1]
Total Accuracy: 59.158344097485625%

[1, 1, 1, 0, 1, 1, 0, 0, 1, 1, 1]
Total Accuracy: 56.260431317873966%

[1, 1, 1, 1, 0, 0, 1, 0, 1, 1, 0]
Total Accuracy: 50.98901771699734%

[1, 1, 0, 1, 1, 1, 1, 0, 0, 0, 1]
Total Accuracy: 54.80923313673094%

[0, 1, 0, 0, 1, 0, 1, 0, 0, 1, 0]
Total Accuracy: 52.576759568704915%

[1, 0, 0, 0, 1, 0, 1, 0, 0, 0, 0]
Total Accuracy: 46.45169401558694%

gBestValue + gBestPos : 
59.158344097485625 [0, 0, 0, 0, 0, 1, 1, 0, 0, 1, 1]
Iteration 4 --------------
[1, 1, 1, 1, 0, 1, 1, 1, 1, 0, 1]
Total Accuracy: 55.66532143239543%

[0, 1, 0, 0, 1, 1, 0, 1, 1, 1, 1]
Total Accuracy: 54.56218536211976%

[1, 1, 1, 1, 1, 0, 1, 0, 1, 1, 0]
Total Accuracy: 52.05086261296665%

[1, 1, 1, 1, 1, 1, 1, 0, 1, 0, 1]
Total Accuracy: 57.249990545771006%

[0, 1, 0, 1, 1, 0, 1, 1, 1, 1, 0]
Total Accuracy: 54.285078492881986%

[1, 0, 1, 1, 1, 1, 1, 1, 0, 1, 1]
Total Accuracy: 56.3262434589265%

[0, 0, 0, 1, 1, 1, 1, 1, 0, 0, 1]
Total Accuracy: 53.03368530402749%

[0, 1, 1, 1, 1, 1, 0, 1, 0, 1, 0]
Total Accuracy: 54.157432618684744%

[1, 0, 1, 1, 1, 1, 1, 0, 1, 1, 0]
Total Accuracy: 50.801315504707745%

[1, 0, 1, 1, 1, 1, 0, 1, 1, 0, 1]
Total Accuracy: 54.227138079584094%

[1, 1, 1, 0, 1, 0, 0, 1, 1, 1, 1]
Total Accuracy: 57.845157498342665%

[0, 1, 1, 1, 1, 0, 1, 1, 1, 1, 1]
Total Accuracy: 56.92017202140529%

[1, 1, 1, 1, 0, 0, 0, 1, 0, 1, 1]
Total Accuracy: 57.3114346052119%

[1, 1, 0, 0, 1, 1, 0, 1, 0, 0, 0]
Total Accuracy: 50.720195372211855%

[1, 0, 0, 1, 1, 1, 1, 1, 1, 1, 1]
Total Accuracy: 56.653929428167224%

[1, 0, 0, 0, 0, 1, 1, 1, 1, 1, 1]
Total Accuracy: 56.984160863136935%

[1, 1, 1, 0, 1, 1, 1, 0, 1, 1, 0]
Total Accuracy: 51.71967903462071%

[1, 0, 1, 1, 1, 0, 1, 0, 1, 1, 0]
Total Accuracy: 50.00832735324873%

[0, 1, 1, 1, 1, 0, 0, 1, 0, 1, 0]
Total Accuracy: 57.58076109960656%

[0, 0, 1, 1, 1, 1, 0, 1, 1, 0, 0]
Total Accuracy: 48.62280371425903%

gBestValue + gBestPos : 
59.158344097485625 [1, 0, 0, 1, 1, 1, 1, 1, 1, 1, 1]
Iteration 5 --------------
[1, 1, 1, 0, 1, 1, 0, 1, 1, 1, 0]
Total Accuracy: 53.49727877673668%

[0, 1, 1, 0, 1, 1, 1, 0, 1, 0, 0]
Total Accuracy: 48.41189945712222%

[1, 1, 1, 0, 1, 0, 1, 1, 1, 1, 1]
Total Accuracy: 57.58116865661101%

[0, 1, 1, 1, 0, 1, 1, 1, 1, 1, 0]
Total Accuracy: 53.35353964055705%

[1, 1, 0, 0, 1, 1, 0, 0, 1, 1, 0]
Total Accuracy: 49.87281533270912%

[1, 1, 1, 0, 1, 1, 0, 1, 1, 0, 1]
Total Accuracy: 54.94948616834906%

[1, 1, 1, 1, 1, 0, 0, 1, 0, 1, 1]
Total Accuracy: 58.298242310750254%

[1, 1, 1, 0, 1, 1, 0, 1, 1, 1, 0]
Total Accuracy: 53.49727877673668%

[1, 1, 1, 1, 0, 0, 1, 1, 0, 0, 1]
Total Accuracy: 55.857025631212174%

[0, 1, 1, 1, 0, 0, 0, 0, 1, 1, 1]
Total Accuracy: 56.85349931770084%

[1, 0, 0, 1, 1, 0, 1, 0, 0, 0, 1]
Total Accuracy: 54.42444305478669%

[0, 0, 1, 0, 1, 1, 1, 1, 1, 1, 0]
Total Accuracy: 52.902656752255915%

[0, 0, 1, 1, 1, 0, 0, 1, 1, 0, 0]
Total Accuracy: 49.35132108612005%

[1, 1, 0, 1, 1, 1, 1, 1, 1, 1, 0]
Total Accuracy: 52.968858908731384%

[1, 1, 1, 1, 1, 1, 0, 0, 0, 1, 1]
Total Accuracy: 56.85126914481373%

[1, 0, 1, 0, 1, 1, 0, 0, 1, 1, 1]
Total Accuracy: 56.78986016853587%

[0, 1, 1, 1, 1, 1, 0, 1, 1, 0, 0]
Total Accuracy: 49.0149606909105%

[0, 1, 1, 0, 1, 1, 1, 1, 1, 1, 1]
Total Accuracy: 55.99644760192912%

[1, 0, 1, 1, 1, 1, 0, 1, 1, 1, 1]
Total Accuracy: 56.003012254047654%

[1, 0, 1, 1, 1, 1, 0, 1, 1, 1, 0]
Total Accuracy: 53.69250906125201%

gBestValue + gBestPos : 
59.158344097485625 [1, 1, 1, 1, 1, 1, 0, 0, 0, 1, 1]
Iteration 6 --------------
[0, 0, 1, 1, 0, 0, 0, 1, 0, 0, 1]
Total Accuracy: 55.0126668443606%

[0, 1, 0, 1, 0, 0, 0, 0, 0, 0, 0]
Total Accuracy: 48.35135024615167%

[1, 1, 0, 0, 1, 1, 0, 1, 1, 1, 1]
Total Accuracy: 56.00740380037225%

[1, 1, 0, 1, 1, 1, 1, 0, 1, 1, 1]
Total Accuracy: 54.621467592497666%

[1, 1, 1, 0, 0, 1, 1, 1, 1, 0, 1]
Total Accuracy: 55.93462548723452%

[1, 1, 1, 1, 0, 0, 1, 1, 1, 0, 1]
Total Accuracy: 56.455741222944404%

[1, 1, 1, 0, 1, 1, 0, 1, 1, 1, 1]
Total Accuracy: 56.98634570128737%

[1, 0, 0, 1, 1, 0, 1, 0, 0, 0, 0]
Total Accuracy: 49.07421444469504%

[1, 0, 1, 1, 1, 0, 0, 1, 1, 1, 0]
Total Accuracy: 51.31788466751868%

[1, 1, 0, 0, 1, 1, 0, 0, 1, 1, 0]
Total Accuracy: 49.87281533270912%

[0, 1, 0, 1, 1, 1, 1, 1, 1, 1, 1]
Total Accuracy: 56.798230578393785%

[0, 0, 1, 0, 1, 0, 1, 1, 1, 0, 0]
Total Accuracy: 50.329419965964775%

[0, 1, 1, 0, 1, 0, 1, 1, 1, 1, 1]
Total Accuracy: 57.71095836266422%

[1, 1, 1, 1, 1, 0, 1, 1, 1, 0, 0]
Total Accuracy: 52.698649298222826%

[0, 0, 1, 0, 1, 1, 1, 0, 1, 0, 1]
Total Accuracy: 54.42066557772173%

[1, 0, 1, 0, 0, 1, 1, 1, 0, 0, 0]
Total Accuracy: 51.77980963966858%

[1, 1, 1, 1, 1, 0, 0, 1, 1, 1, 1]
Total Accuracy: 58.23378838929553%

[1, 1, 1, 0, 0, 0, 1, 0, 1, 0, 1]
Total Accuracy: 55.73638010101217%

[0, 1, 1, 0, 0, 1, 0, 0, 1, 1, 1]
Total Accuracy: 55.73372015937779%

[0, 1, 1, 0, 1, 1, 1, 0, 1, 0, 0]
Total Accuracy: 48.41189945712222%

gBestValue + gBestPos : 
59.158344097485625 [0, 0, 1, 0, 1, 1, 1, 0, 1, 0, 1]
Iteration 7 --------------
[1, 1, 1, 0, 0, 1, 1, 0, 0, 0, 0]
Total Accuracy: 49.74684331267072%

[1, 1, 0, 1, 1, 0, 0, 0, 0, 1, 0]
Total Accuracy: 51.71617618582229%

[0, 0, 0, 0, 1, 0, 1, 0, 1, 0, 1]
Total Accuracy: 54.08423057383752%

[0, 1, 1, 0, 1, 0, 0, 0, 1, 0, 1]
Total Accuracy: 53.95265720788141%

[1, 1, 1, 1, 1, 1, 0, 1, 1, 1, 1]
Total Accuracy: 57.77456368163625%

[1, 1, 0, 0, 1, 1, 1, 1, 1, 0, 0]
Total Accuracy: 52.905265436022205%

[1, 1, 1, 1, 0, 0, 1, 0, 1, 0, 0]
Total Accuracy: 52.831976936237496%

[1, 0, 1, 1, 0, 1, 0, 1, 0, 1, 1]
Total Accuracy: 56.32846224117625%

[1, 1, 1, 1, 1, 0, 1, 1, 1, 0, 0]
Total Accuracy: 52.698649298222826%

[1, 0, 0, 0, 1, 0, 1, 0, 1, 0, 1]
Total Accuracy: 52.77011495431215%

[0, 0, 1, 1, 0, 0, 1, 1, 1, 1, 1]
Total Accuracy: 56.72196673022643%

[0, 0, 1, 1, 1, 1, 1, 1, 1, 0, 0]
Total Accuracy: 50.92154812430375%

[1, 1, 0, 1, 1, 1, 1, 1, 0, 1, 1]
Total Accuracy: 56.072345013292875%

[1, 1, 1, 0, 1, 1, 0, 1, 1, 1, 0]
Total Accuracy: 53.49727877673668%

[1, 1, 0, 1, 0, 0, 1, 0, 1, 1, 1]
Total Accuracy: 55.143781509350575%

[1, 1, 1, 1, 0, 0, 0, 1, 1, 0, 0]
Total Accuracy: 51.1898660916673%

[0, 1, 0, 1, 1, 1, 1, 1, 1, 1, 1]
Total Accuracy: 56.798230578393785%

[1, 1, 1, 1, 1, 1, 1, 1, 1, 0, 1]
Total Accuracy: 56.3894643438879%

[1, 0, 1, 0, 1, 1, 0, 1, 1, 1, 1]
Total Accuracy: 55.47711518440302%

[0, 1, 1, 1, 1, 1, 0, 1, 0, 1, 1]
Total Accuracy: 57.8399348911169%

gBestValue + gBestPos : 
59.158344097485625 [1, 1, 0, 1, 0, 0, 1, 0, 1, 1, 1]
Iteration 8 --------------
[1, 0, 1, 1, 1, 0, 1, 1, 1, 0, 0]
Total Accuracy: 50.79080638878067%

[1, 1, 1, 1, 1, 1, 1, 0, 1, 1, 1]
Total Accuracy: 55.53676977471598%

[0, 0, 1, 0, 1, 1, 1, 1, 1, 1, 0]
Total Accuracy: 52.902656752255915%

[1, 1, 1, 1, 1, 1, 1, 1, 1, 1, 0]
Total Accuracy: 53.228892123829894%

[1, 1, 1, 0, 1, 1, 1, 1, 1, 0, 1]
Total Accuracy: 56.19296172518036%

[0, 1, 0, 1, 0, 0, 1, 0, 1, 0, 1]
Total Accuracy: 55.92897254172961%

[0, 1, 1, 1, 0, 1, 1, 0, 1, 1, 1]
Total Accuracy: 55.93814006838939%

[1, 0, 1, 1, 0, 0, 0, 1, 1, 1, 1]
Total Accuracy: 56.45829842102985%

[1, 1, 1, 1, 1, 1, 0, 1, 1, 1, 0]
Total Accuracy: 53.890307137145555%

[0, 1, 0, 1, 1, 0, 1, 1, 0, 0, 0]
Total Accuracy: 52.63984877789852%

[0, 1, 1, 1, 1, 1, 1, 1, 0, 1, 1]
Total Accuracy: 56.84999646890242%

[0, 1, 1, 0, 1, 0, 1, 1, 1, 0, 1]
Total Accuracy: 57.65219235597109%

[1, 1, 1, 1, 1, 0, 0, 1, 1, 1, 1]
Total Accuracy: 58.23378838929553%

[0, 1, 0, 1, 0, 1, 0, 1, 1, 0, 1]
Total Accuracy: 53.508217661411024%

[0, 0, 0, 0, 1, 0, 1, 0, 1, 0, 1]
Total Accuracy: 54.08423057383752%

[1, 0, 1, 0, 1, 1, 1, 1, 0, 1, 1]
Total Accuracy: 56.4534594504701%

[1, 1, 1, 1, 1, 1, 1, 1, 0, 0, 0]
Total Accuracy: 51.58374840815843%

[1, 1, 1, 1, 1, 1, 1, 1, 1, 0, 0]
Total Accuracy: 51.57944286114586%

[1, 1, 1, 1, 1, 0, 0, 1, 1, 0, 0]
Total Accuracy: 51.3266563695305%

[1, 1, 1, 1, 1, 1, 1, 1, 1, 0, 1]
Total Accuracy: 56.3894643438879%

gBestValue + gBestPos : 
59.158344097485625 [0, 0, 0, 0, 1, 0, 1, 0, 1, 0, 1]
Iteration 9 --------------
[1, 1, 1, 1, 1, 0, 1, 1, 1, 0, 1]
Total Accuracy: 57.57195499786995%

[1, 1, 1, 1, 0, 0, 0, 0, 1, 0, 0]
Total Accuracy: 47.75741610226059%

[0, 1, 1, 0, 1, 0, 1, 1, 1, 1, 1]
Total Accuracy: 57.71095836266422%

[0, 1, 0, 0, 0, 1, 1, 0, 1, 1, 1]
Total Accuracy: 57.70661306232729%

[1, 1, 1, 0, 1, 1, 1, 1, 1, 1, 0]
Total Accuracy: 54.21358424629292%

[0, 1, 1, 0, 1, 0, 1, 1, 0, 1, 0]
Total Accuracy: 54.94114423508453%

[1, 1, 1, 0, 1, 1, 1, 0, 0, 1, 0]
Total Accuracy: 51.0604427085113%

[1, 1, 1, 1, 0, 1, 1, 1, 1, 1, 1]
Total Accuracy: 56.33152381668365%

[1, 0, 1, 1, 1, 1, 0, 1, 1, 1, 1]
Total Accuracy: 56.003012254047654%

[0, 1, 1, 1, 1, 1, 0, 1, 0, 0, 1]
Total Accuracy: 56.3969921883009%

[0, 1, 1, 0, 1, 1, 1, 1, 1, 1, 0]
Total Accuracy: 54.01626753873386%

[1, 1, 1, 1, 1, 0, 1, 1, 0, 1, 1]
Total Accuracy: 57.84163164045681%

[1, 1, 0, 0, 1, 1, 1, 1, 0, 0, 0]
Total Accuracy: 52.5676093558139%

[0, 1, 1, 1, 0, 0, 1, 1, 1, 1, 1]
Total Accuracy: 57.77542937007498%

[0, 1, 1, 1, 1, 1, 1, 1, 1, 0, 1]
Total Accuracy: 54.75128645858251%

[1, 1, 1, 0, 0, 1, 1, 0, 1, 1, 1]
Total Accuracy: 55.86354437906219%

[1, 1, 1, 1, 1, 1, 0, 1, 0, 0, 1]
Total Accuracy: 56.79119002544669%

[1, 1, 1, 1, 1, 1, 1, 0, 1, 1, 1]
Total Accuracy: 55.53676977471598%

[1, 0, 1, 0, 1, 1, 0, 1, 0, 1, 1]
Total Accuracy: 57.713091259508325%

[0, 1, 1, 0, 1, 1, 0, 1, 1, 0, 1]
Total Accuracy: 52.9087399221336%

gBestValue + gBestPos : 
59.158344097485625 [0, 1, 1, 1, 1, 1, 1, 1, 1, 0, 1]
Iteration 10 --------------
[0, 0, 1, 1, 0, 1, 0, 1, 1, 1, 1]
Total Accuracy: 55.08105372508013%

[1, 1, 0, 1, 0, 0, 0, 1, 1, 1, 1]
Total Accuracy: 56.72190351218912%

[1, 1, 0, 1, 1, 0, 1, 1, 1, 0, 1]
Total Accuracy: 55.6666346589757%

[0, 1, 1, 0, 1, 0, 0, 1, 1, 1, 0]
Total Accuracy: 53.172327471711355%

[1, 0, 1, 1, 0, 1, 1, 1, 1, 0, 1]
Total Accuracy: 55.07802074007249%

[1, 0, 1, 0, 1, 0, 1, 1, 1, 0, 1]
Total Accuracy: 54.01931829313578%

[1, 1, 1, 1, 0, 0, 0, 1, 1, 1, 1]
Total Accuracy: 58.3640716516652%

[1, 1, 0, 1, 0, 1, 1, 0, 1, 1, 1]
Total Accuracy: 55.27938533842721%

[1, 0, 1, 1, 1, 1, 0, 1, 0, 1, 0]
Total Accuracy: 52.8969238444768%

[0, 1, 1, 1, 0, 1, 0, 1, 1, 1, 1]
Total Accuracy: 56.79595996874409%

[0, 1, 1, 1, 1, 0, 0, 0, 0, 1, 0]
Total Accuracy: 52.642927553268315%

[1, 0, 1, 1, 1, 0, 0, 1, 1, 1, 1]
Total Accuracy: 56.26355576969954%

[1, 0, 1, 1, 1, 1, 1, 1, 1, 1, 0]
Total Accuracy: 54.02147932485415%

[1, 1, 0, 1, 1, 0, 0, 1, 0, 1, 0]
Total Accuracy: 57.786844155577874%

[0, 1, 1, 1, 1, 1, 1, 1, 1, 1, 0]
Total Accuracy: 54.28114530580444%

[1, 1, 1, 1, 0, 1, 1, 0, 1, 1, 0]
Total Accuracy: 51.85561512858891%

[0, 1, 1, 1, 1, 1, 1, 0, 0, 0, 1]
Total Accuracy: 55.616617231300566%

[1, 1, 1, 0, 0, 0, 1, 0, 1, 1, 1]
Total Accuracy: 56.13196531778739%

[1, 1, 1, 0, 1, 1, 0, 1, 0, 1, 1]
Total Accuracy: 56.722339204067815%

[1, 1, 1, 1, 1, 1, 0, 0, 1, 1, 1]
Total Accuracy: 56.067477338327%

gBestValue + gBestPos : 
59.158344097485625 [0, 1, 1, 1, 1, 1, 1, 1, 1, 1, 0]
Iteration 11 --------------
[1, 0, 1, 1, 0, 0, 0, 0, 0, 1, 0]
Total Accuracy: 49.01357342518743%

[1, 1, 1, 1, 1, 0, 1, 0, 1, 0, 1]
Total Accuracy: 56.92454067254879%

[1, 1, 1, 1, 0, 1, 1, 1, 1, 1, 1]
Total Accuracy: 56.33152381668365%

[1, 0, 0, 1, 1, 1, 0, 1, 1, 1, 1]
Total Accuracy: 56.19643028816034%

[1, 1, 1, 0, 0, 0, 1, 1, 1, 1, 1]
Total Accuracy: 57.90879163562719%

[1, 1, 1, 1, 0, 0, 0, 1, 0, 1, 1]
Total Accuracy: 57.3114346052119%

[1, 1, 0, 1, 0, 1, 0, 1, 0, 1, 1]
Total Accuracy: 58.376289021475905%

[1, 0, 1, 1, 0, 0, 0, 1, 1, 1, 1]
Total Accuracy: 56.45829842102985%

[1, 1, 1, 1, 0, 1, 1, 0, 1, 1, 0]
Total Accuracy: 51.85561512858891%

[1, 0, 1, 1, 1, 1, 0, 1, 0, 0, 1]
Total Accuracy: 56.13897693851561%

[1, 1, 1, 0, 1, 0, 1, 1, 0, 1, 0]
Total Accuracy: 56.39473900632636%

[0, 1, 1, 1, 0, 1, 0, 1, 0, 0, 0]
Total Accuracy: 48.21838915884699%

[0, 1, 1, 1, 1, 0, 1, 1, 1, 1, 0]
Total Accuracy: 55.991683353950386%

[1, 1, 1, 1, 1, 1, 0, 1, 1, 1, 0]
Total Accuracy: 53.890307137145555%

[1, 0, 1, 1, 1, 1, 1, 1, 1, 1, 1]
Total Accuracy: 55.804279120733916%

[1, 1, 1, 0, 0, 1, 0, 1, 1, 0, 1]
Total Accuracy: 53.96395706185344%

[1, 1, 1, 0, 1, 1, 1, 1, 0, 1, 1]
Total Accuracy: 56.983759912702155%

[1, 1, 1, 1, 1, 1, 1, 0, 0, 0, 1]
Total Accuracy: 55.53596707650179%

[1, 0, 1, 0, 1, 0, 0, 1, 1, 1, 0]
Total Accuracy: 51.781501149315304%

[0, 1, 0, 1, 1, 0, 0, 1, 0, 0, 1]
Total Accuracy: 55.80393512348591%

gBestValue + gBestPos : 
59.158344097485625 [1, 0, 1, 1, 1, 1, 1, 1, 1, 1, 1]
Iteration 12 --------------
[1, 1, 0, 1, 1, 1, 1, 1, 0, 1, 0]
Total Accuracy: 53.82240811742381%

[1, 1, 1, 1, 0, 1, 1, 0, 1, 1, 0]
Total Accuracy: 51.85561512858891%

[1, 1, 1, 1, 1, 1, 1, 1, 0, 0, 1]
Total Accuracy: 56.788638864399026%

[0, 1, 1, 0, 1, 0, 1, 0, 0, 1, 1]
Total Accuracy: 57.52186318933288%

[1, 1, 0, 1, 0, 1, 1, 0, 1, 0, 1]
Total Accuracy: 53.766571440938414%

[1, 0, 1, 0, 0, 1, 1, 1, 1, 1, 0]
Total Accuracy: 53.442433996951856%

[0, 1, 1, 1, 0, 1, 0, 0, 1, 1, 0]
Total Accuracy: 52.17806117683508%

[1, 0, 1, 0, 0, 0, 0, 0, 1, 1, 1]
Total Accuracy: 56.128450964445264%

[1, 1, 1, 1, 1, 0, 1, 1, 0, 1, 0]
Total Accuracy: 56.461004494745495%

[0, 1, 0, 1, 1, 0, 0, 1, 1, 1, 1]
Total Accuracy: 54.6785368498509%

[0, 1, 0, 1, 1, 0, 1, 1, 0, 1, 0]
Total Accuracy: 55.33909779317791%

[0, 1, 0, 1, 1, 0, 0, 1, 1, 1, 1]
Total Accuracy: 54.6785368498509%

[0, 1, 1, 1, 1, 1, 0, 0, 1, 1, 1]
Total Accuracy: 55.542492089202355%

[1, 1, 0, 0, 1, 0, 0, 0, 1, 1, 0]
Total Accuracy: 47.69467681344642%

[0, 1, 1, 1, 1, 1, 0, 0, 1, 1, 1]
Total Accuracy: 55.542492089202355%

[0, 1, 1, 1, 1, 0, 1, 0, 1, 1, 0]
Total Accuracy: 52.700896898785075%

[0, 1, 1, 1, 1, 1, 1, 0, 1, 1, 1]
Total Accuracy: 55.284574001553686%

[1, 1, 1, 1, 1, 1, 1, 1, 1, 1, 1]
Total Accuracy: 56.456578320883374%

[0, 1, 1, 1, 1, 1, 0, 1, 1, 0, 0]
Total Accuracy: 49.0149606909105%

[0, 1, 1, 1, 1, 1, 1, 1, 1, 0, 0]
Total Accuracy: 50.91451930371312%

gBestValue + gBestPos : 
59.158344097485625 [0, 1, 1, 1, 1, 1, 0, 0, 1, 1, 1]
Iteration 13 --------------
[1, 0, 0, 1, 1, 1, 1, 1, 1, 1, 1]
Total Accuracy: 56.653929428167224%

[1, 1, 1, 1, 1, 0, 1, 0, 0, 1, 1]
Total Accuracy: 57.18852985599955%

[1, 1, 0, 0, 1, 1, 0, 1, 0, 1, 0]
Total Accuracy: 51.663905462266236%

[0, 1, 1, 1, 0, 0, 1, 1, 0, 1, 0]
Total Accuracy: 55.867981943561674%

[1, 1, 0, 1, 0, 1, 1, 1, 1, 1, 1]
Total Accuracy: 56.067987297161224%

[1, 1, 1, 1, 0, 0, 1, 1, 1, 0, 1]
Total Accuracy: 56.455741222944404%

[1, 1, 1, 1, 0, 0, 1, 1, 1, 1, 1]
Total Accuracy: 57.248276824381435%

[0, 1, 1, 1, 1, 1, 1, 1, 1, 1, 1]
Total Accuracy: 55.99641878361662%

[1, 1, 0, 1, 0, 1, 1, 1, 0, 1, 0]
Total Accuracy: 53.95091968005978%

[0, 1, 1, 1, 1, 1, 0, 0, 1, 0, 0]
Total Accuracy: 45.982906412245384%

[1, 0, 1, 0, 1, 1, 1, 0, 0, 0, 1]
Total Accuracy: 55.14421742904203%

[0, 0, 0, 1, 1, 0, 0, 1, 1, 0, 1]
Total Accuracy: 52.77794658702332%

[1, 0, 1, 0, 1, 0, 1, 1, 1, 0, 0]
Total Accuracy: 50.656188761085936%

[1, 1, 1, 0, 0, 0, 1, 1, 1, 1, 1]
Total Accuracy: 57.90879163562719%

[1, 1, 0, 1, 1, 1, 1, 1, 0, 1, 1]
Total Accuracy: 56.072345013292875%

[1, 1, 1, 1, 0, 1, 1, 1, 0, 1, 1]
Total Accuracy: 55.20611961991722%

[0, 1, 1, 1, 1, 1, 0, 0, 0, 0, 1]
Total Accuracy: 54.62058481810292%

[1, 1, 1, 1, 0, 1, 1, 0, 1, 1, 1]
Total Accuracy: 55.53460270595981%

[1, 0, 0, 0, 1, 0, 0, 1, 1, 1, 0]
Total Accuracy: 51.33366878760334%

[0, 1, 1, 1, 0, 1, 0, 1, 0, 0, 1]
Total Accuracy: 56.067110331991515%

gBestValue + gBestPos : 
59.158344097485625 [1, 1, 0, 1, 1, 1, 1, 1, 0, 1, 1]
Iteration 14 --------------
[1, 1, 1, 1, 1, 1, 1, 0, 1, 1, 1]
Total Accuracy: 55.53676977471598%

[1, 1, 1, 1, 1, 1, 1, 1, 1, 0, 1]
Total Accuracy: 56.3894643438879%

[1, 1, 1, 1, 1, 1, 1, 1, 1, 0, 1]
Total Accuracy: 56.3894643438879%

[1, 0, 1, 1, 1, 1, 0, 1, 1, 1, 1]
Total Accuracy: 56.003012254047654%

[1, 0, 1, 1, 1, 1, 1, 1, 1, 0, 1]
Total Accuracy: 56.133278202648555%

[0, 0, 0, 0, 0, 0, 0, 1, 0, 0, 1]
Total Accuracy: 52.63814621933356%

[1, 1, 1, 1, 0, 1, 1, 0, 0, 0, 1]
Total Accuracy: 55.20435942472725%

[0, 0, 1, 1, 1, 0, 1, 0, 1, 1, 1]
Total Accuracy: 56.13203423114337%

[1, 1, 1, 1, 1, 0, 0, 1, 0, 1, 0]
Total Accuracy: 57.0478180095089%

[1, 1, 0, 1, 1, 1, 1, 0, 0, 0, 1]
Total Accuracy: 54.80923313673094%

[0, 1, 1, 0, 0, 1, 1, 1, 1, 0, 1]
Total Accuracy: 54.35567823271983%

[1, 1, 0, 1, 0, 0, 0, 1, 1, 1, 1]
Total Accuracy: 56.72190351218912%

[1, 1, 0, 0, 1, 0, 0, 0, 1, 1, 0]
Total Accuracy: 47.69467681344642%

[1, 1, 1, 0, 1, 1, 0, 1, 0, 0, 0]
Total Accuracy: 50.33159842535829%

[1, 0, 1, 1, 1, 1, 1, 1, 1, 1, 0]
Total Accuracy: 54.02147932485415%

[1, 1, 1, 0, 0, 0, 1, 0, 1, 1, 1]
Total Accuracy: 56.13196531778739%

[1, 1, 0, 1, 0, 1, 1, 0, 0, 1, 1]
Total Accuracy: 56.79210184596669%

[1, 0, 0, 0, 0, 0, 1, 0, 1, 1, 1]
Total Accuracy: 56.32888061928618%

[0, 0, 1, 0, 1, 1, 1, 1, 1, 0, 1]
Total Accuracy: 54.620143316999155%

[0, 0, 1, 1, 1, 0, 1, 1, 1, 1, 1]
Total Accuracy: 57.7140428333527%

gBestValue + gBestPos : 
59.158344097485625 [1, 0, 1, 1, 1, 1, 1, 1, 1, 1, 0]
print history : 
0 57.70534574001554
1 58.23378838929553
2 59.158344097485625
3 59.158344097485625
4 59.158344097485625
5 59.158344097485625
6 59.158344097485625
7 59.158344097485625
8 59.158344097485625
9 59.158344097485625
10 59.158344097485625
11 59.158344097485625
12 59.158344097485625
13 59.158344097485625
Program execution time : 2137.2978870868683 s
