[1, 1, 0, 1, 1, 1, 0, 1, 1, 0, 1]
Total Accuracy: 55.3420902275166%

[0, 1, 0, 1, 0, 0, 0, 0, 1, 1, 1]
Total Accuracy: 59.62065908505845%

[0, 1, 0, 1, 0, 1, 0, 1, 0, 0, 1]
Total Accuracy: 53.43682718352822%

[1, 1, 0, 0, 0, 1, 0, 0, 0, 1, 0]
Total Accuracy: 49.34074317074337%

[1, 1, 1, 0, 0, 1, 0, 1, 0, 1, 1]
Total Accuracy: 56.98377711256455%

[0, 1, 0, 0, 0, 0, 0, 0, 0, 0, 1]
Total Accuracy: 56.2626956626731%

[1, 1, 1, 1, 0, 0, 1, 0, 0, 0, 0]
Total Accuracy: 49.26662338224473%

[0, 0, 1, 1, 1, 0, 0, 1, 1, 0, 1]
Total Accuracy: 54.55784530147599%

[1, 0, 1, 1, 1, 0, 0, 1, 0, 1, 1]
Total Accuracy: 56.20119465004545%

[1, 0, 0, 1, 1, 0, 1, 0, 1, 0, 0]
Total Accuracy: 49.280698565007505%

Iteration 1 --------------
[1, 1, 0, 1, 1, 1, 0, 1, 1, 0, 1]
Total Accuracy: 55.3420902275166%

[0, 1, 0, 1, 0, 0, 0, 0, 1, 1, 1]
Total Accuracy: 59.62065908505845%

[0, 1, 0, 1, 0, 1, 0, 1, 0, 0, 1]
Total Accuracy: 53.43682718352822%

[1, 1, 0, 0, 0, 1, 0, 0, 0, 1, 0]
Total Accuracy: 49.34074317074337%

[1, 1, 1, 0, 0, 1, 0, 1, 0, 1, 1]
Total Accuracy: 56.98377711256455%

[0, 1, 0, 0, 0, 0, 0, 0, 0, 0, 1]
Total Accuracy: 56.2626956626731%

[1, 1, 1, 1, 0, 0, 1, 0, 0, 0, 0]
Total Accuracy: 49.26662338224473%

[0, 0, 1, 1, 1, 0, 0, 1, 1, 0, 1]
Total Accuracy: 54.55784530147599%

[1, 0, 1, 1, 1, 0, 0, 1, 0, 1, 1]
Total Accuracy: 56.20119465004545%

[1, 0, 0, 1, 1, 0, 1, 0, 1, 0, 0]
Total Accuracy: 49.280698565007505%

gBestValue + gBestPos : 
59.62065908505845 [0, 1, 0, 1, 0, 0, 0, 0, 1, 1, 1]
Iteration 2 --------------
[0, 0, 1, 1, 1, 0, 1, 1, 1, 1, 0]
Total Accuracy: 55.538592960130494%

[1, 1, 1, 1, 1, 1, 0, 0, 1, 1, 1]
Total Accuracy: 55.93281380636372%

[1, 1, 1, 1, 1, 1, 0, 1, 1, 0, 0]
Total Accuracy: 49.08069856500751%

[0, 1, 1, 1, 1, 1, 1, 1, 0, 0, 0]
Total Accuracy: 50.8548125442811%

[1, 1, 0, 0, 1, 1, 1, 1, 1, 1, 0]
Total Accuracy: 54.14962399506102%

[0, 1, 1, 0, 1, 0, 1, 1, 0, 1, 0]
Total Accuracy: 54.412661490761046%

[1, 1, 0, 0, 0, 1, 0, 1, 1, 1, 0]
Total Accuracy: 53.82764826623109%

[0, 0, 1, 1, 1, 1, 0, 0, 0, 1, 1]
Total Accuracy: 55.80740949569092%

[1, 1, 1, 1, 1, 1, 1, 1, 1, 1, 1]
Total Accuracy: 58.565338746164194%

[1, 0, 1, 1, 1, 1, 1, 1, 0, 1, 1]
Total Accuracy: 58.04206721842913%

gBestValue + gBestPos : 
59.62065908505845 [1, 1, 1, 1, 1, 1, 0, 0, 1, 1, 1]
Iteration 3 --------------
[1, 0, 0, 0, 0, 0, 1, 1, 1, 0, 1]
Total Accuracy: 55.137234398813554%

[0, 1, 1, 1, 1, 1, 1, 1, 1, 0, 1]
Total Accuracy: 55.338976938515614%

[1, 0, 1, 0, 0, 1, 1, 1, 1, 0, 0]
Total Accuracy: 52.04867219340391%

[1, 1, 0, 1, 1, 1, 1, 1, 1, 0, 1]
Total Accuracy: 56.006549388664496%

[0, 0, 0, 1, 0, 1, 1, 1, 1, 1, 1]
Total Accuracy: 57.5762606587889%

[1, 1, 1, 1, 0, 0, 0, 1, 1, 0, 1]
Total Accuracy: 55.472763277496426%

[0, 1, 1, 1, 0, 0, 0, 1, 0, 1, 1]
Total Accuracy: 58.70302330296589%

[1, 1, 1, 1, 1, 1, 1, 0, 1, 1, 1]
Total Accuracy: 56.724546595680216%

[0, 1, 0, 0, 0, 1, 1, 1, 1, 1, 0]
Total Accuracy: 53.43330098392325%

[1, 1, 0, 1, 1, 0, 1, 1, 0, 1, 1]
Total Accuracy: 57.19378731857563%

gBestValue + gBestPos : 
59.62065908505845 [0, 1, 1, 1, 1, 1, 1, 1, 1, 0, 1]
Iteration 4 --------------
[0, 1, 0, 1, 1, 1, 1, 1, 1, 0, 0]
Total Accuracy: 51.71446759021954%

[0, 0, 1, 1, 0, 1, 1, 1, 1, 0, 1]
Total Accuracy: 55.14378709076287%

[1, 1, 1, 1, 0, 1, 1, 1, 1, 1, 0]
Total Accuracy: 52.307856919926095%

[1, 1, 0, 1, 0, 0, 0, 0, 1, 1, 1]
Total Accuracy: 57.6451633075677%

[1, 1, 0, 1, 1, 1, 1, 1, 1, 0, 0]
Total Accuracy: 53.758389887847784%

[0, 1, 1, 0, 1, 0, 1, 0, 1, 1, 1]
Total Accuracy: 57.31445016254439%

[1, 1, 1, 1, 0, 1, 1, 1, 1, 1, 1]
Total Accuracy: 57.04734199477399%

[1, 1, 1, 1, 1, 1, 0, 1, 1, 1, 0]
Total Accuracy: 54.617058618497936%

[1, 0, 0, 0, 0, 1, 1, 1, 1, 0, 1]
Total Accuracy: 55.54464731169568%

[1, 1, 0, 1, 1, 0, 0, 1, 0, 1, 1]
Total Accuracy: 58.0469350073014%

gBestValue + gBestPos : 
59.62065908505845 [0, 0, 1, 1, 0, 1, 1, 1, 1, 0, 1]
Iteration 5 --------------
[0, 1, 1, 0, 1, 1, 0, 0, 1, 1, 1]
Total Accuracy: 56.92319942500063%

[1, 1, 0, 0, 1, 0, 0, 1, 0, 1, 1]
Total Accuracy: 58.044332132760154%

[1, 1, 0, 1, 0, 1, 1, 1, 1, 0, 1]
Total Accuracy: 57.19163141264407%

[1, 1, 1, 1, 1, 1, 0, 0, 1, 1, 1]
Total Accuracy: 55.93281380636372%

[1, 1, 1, 1, 0, 0, 1, 1, 1, 1, 1]
Total Accuracy: 58.830262645316054%

[1, 1, 1, 1, 0, 1, 1, 0, 1, 1, 1]
Total Accuracy: 55.92810127187856%

[0, 0, 1, 0, 1, 1, 0, 0, 1, 1, 0]
Total Accuracy: 48.485967646033664%

[1, 1, 1, 0, 0, 1, 1, 0, 1, 0, 0]
Total Accuracy: 49.80475559109434%

[1, 1, 1, 0, 0, 0, 1, 1, 0, 1, 1]
Total Accuracy: 57.638197591107996%

[1, 1, 1, 1, 1, 1, 1, 1, 0, 1, 0]
Total Accuracy: 54.60446273780802%

gBestValue + gBestPos : 
59.62065908505845 [1, 1, 0, 0, 1, 0, 0, 1, 0, 1, 1]
Iteration 6 --------------
[0, 0, 0, 0, 1, 1, 1, 1, 1, 0, 1]
Total Accuracy: 54.28285424312632%

[0, 1, 0, 1, 1, 1, 1, 0, 0, 0, 0]
Total Accuracy: 49.85894711782703%

[0, 1, 1, 1, 0, 1, 1, 1, 1, 1, 1]
Total Accuracy: 57.320555999790415%

[1, 1, 1, 1, 1, 1, 0, 0, 0, 1, 1]
Total Accuracy: 57.317448292201746%

[1, 1, 1, 0, 0, 1, 1, 0, 1, 1, 1]
Total Accuracy: 56.32150233394159%

[0, 1, 1, 1, 0, 1, 1, 0, 1, 1, 0]
Total Accuracy: 51.51535047852068%

[0, 0, 1, 1, 1, 1, 1, 1, 0, 1, 1]
Total Accuracy: 57.84553555359637%

[1, 1, 1, 1, 1, 1, 0, 0, 1, 0, 0]
Total Accuracy: 47.635032930332585%

[1, 1, 1, 0, 0, 1, 1, 0, 1, 1, 1]
Total Accuracy: 56.32150233394159%

[1, 1, 0, 1, 1, 1, 0, 0, 1, 0, 1]
Total Accuracy: 54.684602819866186%

gBestValue + gBestPos : 
59.62065908505845 [0, 1, 0, 1, 1, 1, 1, 0, 0, 0, 0]
Iteration 7 --------------
[0, 0, 1, 1, 1, 1, 1, 1, 0, 1, 1]
Total Accuracy: 57.84553555359637%

[1, 1, 1, 1, 1, 1, 1, 1, 1, 0, 1]
Total Accuracy: 57.25003075472084%

[0, 1, 0, 1, 0, 1, 1, 1, 1, 1, 1]
Total Accuracy: 56.658361525160785%

[0, 1, 0, 1, 1, 1, 1, 1, 1, 1, 1]
Total Accuracy: 57.65171645514253%

[1, 0, 1, 0, 1, 0, 0, 1, 0, 0, 0]
Total Accuracy: 48.81009347157011%

[1, 1, 0, 0, 0, 0, 1, 0, 1, 1, 1]
Total Accuracy: 55.66970751121407%

[0, 1, 1, 1, 1, 1, 0, 1, 0, 1, 1]
Total Accuracy: 57.25211205197776%

[1, 1, 1, 0, 1, 1, 1, 0, 1, 1, 1]
Total Accuracy: 57.376759796517646%

[1, 0, 1, 0, 1, 1, 0, 1, 1, 1, 0]
Total Accuracy: 52.58151812136496%

[1, 0, 1, 1, 1, 1, 0, 1, 1, 1, 1]
Total Accuracy: 56.00341924152025%

gBestValue + gBestPos : 
59.62065908505845 [1, 1, 1, 1, 1, 1, 1, 1, 1, 0, 1]
Iteration 8 --------------
[1, 1, 1, 0, 1, 0, 1, 1, 1, 0, 1]
Total Accuracy: 58.567075818360344%

[1, 1, 1, 1, 0, 1, 0, 0, 1, 1, 0]
Total Accuracy: 50.02004569923705%

[1, 1, 1, 1, 1, 1, 1, 1, 0, 1, 1]
Total Accuracy: 58.69825347357486%

[1, 1, 0, 1, 0, 1, 0, 1, 1, 1, 1]
Total Accuracy: 55.34468752064553%

[1, 1, 1, 1, 1, 0, 1, 1, 1, 1, 1]
Total Accuracy: 59.5552310362974%

[0, 0, 1, 0, 0, 0, 1, 0, 1, 1, 1]
Total Accuracy: 58.046418783616616%

[1, 1, 1, 1, 1, 1, 0, 1, 0, 1, 0]
Total Accuracy: 54.75218073752099%

[1, 0, 1, 0, 1, 1, 1, 0, 0, 1, 0]
Total Accuracy: 49.60219850691526%

[1, 1, 0, 0, 1, 1, 0, 0, 1, 1, 1]
Total Accuracy: 55.28452240196648%

[1, 1, 1, 0, 1, 0, 0, 1, 1, 1, 0]
Total Accuracy: 52.37228190916194%

gBestValue + gBestPos : 
59.62065908505845 [1, 1, 1, 1, 0, 1, 0, 0, 1, 1, 0]
Iteration 9 --------------
[0, 0, 1, 0, 1, 0, 1, 1, 1, 0, 1]
Total Accuracy: 57.455311112478%

[1, 1, 0, 1, 1, 1, 1, 0, 0, 1, 1]
Total Accuracy: 55.476300981645124%

[0, 0, 1, 0, 1, 1, 1, 1, 1, 1, 1]
Total Accuracy: 58.70125775417638%

[1, 0, 1, 1, 1, 0, 0, 1, 1, 0, 1]
Total Accuracy: 54.54080057955563%

[1, 0, 1, 1, 1, 1, 0, 1, 0, 1, 1]
Total Accuracy: 58.571025977487544%

[0, 1, 1, 0, 0, 1, 1, 1, 0, 1, 1]
Total Accuracy: 57.57672505507374%

[1, 1, 1, 1, 1, 1, 0, 1, 0, 1, 0]
Total Accuracy: 54.75218073752099%

[1, 1, 1, 0, 1, 1, 1, 0, 1, 1, 0]
Total Accuracy: 52.117001323592056%

[0, 0, 1, 1, 0, 0, 0, 1, 1, 1, 0]
Total Accuracy: 51.85825832598638%

[1, 1, 1, 1, 0, 0, 1, 1, 1, 0, 1]
Total Accuracy: 56.84826509202495%

gBestValue + gBestPos : 
59.62065908505845 [1, 1, 0, 1, 1, 1, 1, 0, 0, 1, 1]
Iteration 10 --------------
[0, 1, 1, 1, 1, 1, 1, 0, 1, 1, 0]
Total Accuracy: 51.72055041837812%

[0, 1, 1, 1, 0, 0, 1, 1, 0, 1, 0]
Total Accuracy: 55.335990085589245%

[1, 0, 0, 1, 0, 0, 0, 1, 1, 0, 0]
Total Accuracy: 49.154383117252934%

[1, 1, 0, 1, 0, 1, 1, 1, 1, 1, 1]
Total Accuracy: 57.055689509450815%

[0, 0, 0, 1, 0, 1, 1, 1, 1, 0, 1]
Total Accuracy: 54.28589280954627%

[0, 1, 0, 1, 0, 1, 0, 0, 1, 0, 1]
Total Accuracy: 56.198247892162556%

[1, 0, 1, 1, 1, 0, 1, 1, 1, 1, 1]
Total Accuracy: 56.65614274291104%

[0, 1, 1, 1, 1, 0, 0, 1, 1, 0, 0]
Total Accuracy: 51.976851377241964%

[0, 1, 1, 0, 0, 0, 0, 0, 1, 1, 1]
Total Accuracy: 56.597771991334%

[1, 1, 1, 1, 1, 1, 1, 1, 1, 1, 1]
Total Accuracy: 58.565338746164194%

gBestValue + gBestPos : 
59.62065908505845 [0, 1, 1, 1, 0, 0, 1, 1, 0, 1, 0]
Iteration 11 --------------
[1, 1, 0, 1, 0, 1, 0, 0, 1, 1, 1]
Total Accuracy: 55.409204318418425%

[1, 1, 0, 0, 1, 1, 0, 1, 0, 1, 1]
Total Accuracy: 57.26528133735195%

[1, 1, 0, 1, 1, 0, 1, 0, 1, 1, 1]
Total Accuracy: 54.94597170110056%

[1, 1, 1, 0, 1, 0, 0, 1, 1, 0, 1]
Total Accuracy: 54.94427449613515%

[0, 1, 0, 1, 1, 1, 1, 1, 1, 1, 1]
Total Accuracy: 57.65171645514253%

[1, 1, 0, 1, 0, 0, 1, 1, 1, 1, 1]
Total Accuracy: 55.99862640304175%

[0, 0, 1, 0, 1, 1, 0, 0, 1, 1, 0]
Total Accuracy: 48.485967646033664%

[0, 1, 1, 1, 1, 1, 0, 0, 1, 1, 0]
Total Accuracy: 52.12144481122298%

[1, 1, 1, 0, 1, 1, 1, 0, 1, 1, 0]
Total Accuracy: 52.117001323592056%

[1, 0, 0, 1, 1, 1, 1, 1, 1, 1, 1]
Total Accuracy: 57.38065220511347%

gBestValue + gBestPos : 
59.62065908505845 [1, 1, 0, 0, 1, 1, 0, 1, 0, 1, 1]
Iteration 12 --------------
[0, 1, 1, 0, 0, 1, 1, 1, 1, 0, 1]
Total Accuracy: 56.529734917087545%

[0, 0, 1, 0, 1, 1, 1, 0, 1, 1, 1]
Total Accuracy: 57.58936137252624%

[0, 1, 0, 1, 1, 1, 0, 1, 1, 1, 1]
Total Accuracy: 56.9937985953066%

[1, 0, 0, 1, 1, 0, 1, 1, 1, 0, 1]
Total Accuracy: 54.41315470535839%

[0, 0, 1, 0, 1, 0, 0, 0, 1, 1, 1]
Total Accuracy: 56.06135452903133%

[1, 0, 1, 1, 1, 1, 1, 1, 1, 1, 1]
Total Accuracy: 56.86439252591939%

[0, 0, 1, 1, 1, 1, 0, 0, 1, 1, 1]
Total Accuracy: 56.200810785566695%

[0, 0, 0, 1, 1, 1, 0, 1, 1, 0, 1]
Total Accuracy: 54.157753606845326%

[0, 0, 1, 1, 0, 0, 1, 0, 1, 1, 0]
Total Accuracy: 49.74082381645583%

[1, 1, 1, 1, 1, 1, 1, 1, 1, 1, 0]
Total Accuracy: 52.699979496852755%

gBestValue + gBestPos : 
59.62065908505845 [0, 0, 1, 0, 1, 1, 1, 0, 1, 1, 1]
Iteration 13 --------------
[0, 1, 1, 0, 1, 1, 1, 1, 0, 0, 0]
Total Accuracy: 52.24689479835155%

[1, 1, 1, 0, 1, 0, 1, 1, 1, 0, 1]
Total Accuracy: 58.567075818360344%

[0, 1, 0, 0, 1, 0, 1, 1, 0, 0, 1]
Total Accuracy: 55.40262258034386%

[0, 0, 1, 1, 1, 0, 0, 1, 0, 1, 1]
Total Accuracy: 57.58936672612579%

[1, 0, 1, 1, 1, 1, 0, 1, 1, 1, 0]
Total Accuracy: 52.70785111070104%

[1, 1, 0, 1, 1, 1, 0, 1, 0, 1, 0]
Total Accuracy: 55.47933351102728%

[0, 0, 0, 1, 0, 1, 1, 0, 1, 1, 1]
Total Accuracy: 57.11532735552686%

[1, 1, 1, 0, 0, 1, 0, 0, 1, 1, 0]
Total Accuracy: 50.93146094036546%

[1, 0, 0, 1, 1, 0, 0, 1, 0, 0, 1]
Total Accuracy: 54.48111705702381%

[1, 1, 1, 0, 1, 0, 1, 0, 1, 1, 1]
Total Accuracy: 58.30738067737843%

gBestValue + gBestPos : 
59.62065908505845 [1, 1, 1, 0, 1, 0, 1, 1, 1, 0, 1]
Iteration 14 --------------
[1, 1, 1, 0, 1, 1, 0, 1, 0, 0, 1]
Total Accuracy: 56.79905059037674%

[0, 1, 1, 1, 0, 1, 0, 0, 1, 1, 1]
Total Accuracy: 57.38676988862235%

[1, 1, 0, 1, 1, 1, 1, 0, 1, 1, 0]
Total Accuracy: 52.237756317817%

[1, 1, 1, 1, 0, 0, 0, 1, 1, 1, 1]
Total Accuracy: 58.23381139838299%

[0, 1, 1, 1, 0, 1, 0, 0, 1, 0, 1]
Total Accuracy: 53.69599493800075%

[1, 1, 0, 1, 1, 0, 1, 0, 1, 1, 0]
Total Accuracy: 53.62411671302657%

[1, 0, 1, 1, 1, 1, 1, 1, 1, 0, 0]
Total Accuracy: 51.654388356946114%

[1, 1, 1, 1, 1, 1, 0, 1, 1, 0, 1]
Total Accuracy: 55.47625484956386%

[0, 1, 0, 1, 1, 0, 0, 1, 1, 1, 1]
Total Accuracy: 56.79426321940417%

[1, 1, 1, 1, 1, 1, 1, 1, 1, 1, 1]
Total Accuracy: 58.565338746164194%

gBestValue + gBestPos : 
59.62065908505845 [0, 1, 1, 1, 0, 1, 0, 0, 1, 1, 1]
print history : 
0 59.62065908505845
1 59.62065908505845
2 59.62065908505845
3 59.62065908505845
4 59.62065908505845
5 59.62065908505845
6 59.62065908505845
7 59.62065908505845
8 59.62065908505845
9 59.62065908505845
10 59.62065908505845
11 59.62065908505845
12 59.62065908505845
13 59.62065908505845
Program execution time : 1092.8407282829285 s
