[0, 1, 1, 1, 0, 0, 0, 1, 1, 1, 0]
Total Accuracy: 48.68159329957149%

[0, 1, 0, 1, 0, 0, 0, 1, 1, 0, 1]
Total Accuracy: 49.13773387826143%

[0, 0, 1, 1, 0, 0, 0, 0, 1, 0, 1]
Total Accuracy: 49.53120373977406%

[1, 1, 0, 1, 1, 0, 0, 0, 1, 1, 1]
Total Accuracy: 52.90004271489007%

[0, 1, 0, 1, 1, 0, 1, 0, 0, 0, 0]
Total Accuracy: 50.25797253489522%

[0, 0, 0, 0, 0, 1, 0, 0, 0, 0, 1]
Total Accuracy: 53.35921639249402%

[1, 1, 0, 1, 1, 0, 1, 1, 0, 0, 1]
Total Accuracy: 52.638157723877285%

[0, 1, 1, 1, 1, 0, 1, 0, 0, 1, 1]
Total Accuracy: 53.099956487765326%

[1, 0, 0, 1, 0, 1, 1, 1, 0, 1, 0]
Total Accuracy: 48.94256088865196%

[1, 0, 1, 1, 0, 0, 1, 1, 0, 1, 1]
Total Accuracy: 52.974443396505805%

Iteration 1 --------------
[0, 1, 1, 1, 0, 0, 0, 1, 1, 1, 0]
Total Accuracy: 48.68159329957149%

[0, 1, 0, 1, 0, 0, 0, 1, 1, 0, 1]
Total Accuracy: 49.13773387826143%

[0, 0, 1, 1, 0, 0, 0, 0, 1, 0, 1]
Total Accuracy: 49.53120373977406%

[1, 1, 0, 1, 1, 0, 0, 0, 1, 1, 1]
Total Accuracy: 52.90004271489007%

[0, 1, 0, 1, 1, 0, 1, 0, 0, 0, 0]
Total Accuracy: 50.25797253489522%

[0, 0, 0, 0, 0, 1, 0, 0, 0, 0, 1]
Total Accuracy: 53.35921639249402%

[1, 1, 0, 1, 1, 0, 1, 1, 0, 0, 1]
Total Accuracy: 52.638157723877285%

[0, 1, 1, 1, 1, 0, 1, 0, 0, 1, 1]
Total Accuracy: 53.099956487765326%

[1, 0, 0, 1, 0, 1, 1, 1, 0, 1, 0]
Total Accuracy: 48.94256088865196%

[1, 0, 1, 1, 0, 0, 1, 1, 0, 1, 1]
Total Accuracy: 52.974443396505805%

gBestValue + gBestPos : 
53.35921639249402 [0, 0, 0, 0, 0, 1, 0, 0, 0, 0, 1]
Iteration 2 --------------
[0, 0, 1, 1, 1, 0, 0, 1, 1, 1, 1]
Total Accuracy: 53.22587144071059%

[1, 1, 0, 1, 1, 1, 1, 1, 0, 1, 1]
Total Accuracy: 52.907020163706235%

[1, 0, 1, 1, 0, 1, 0, 0, 1, 1, 1]
Total Accuracy: 52.248167929888346%

[1, 1, 1, 1, 0, 0, 1, 1, 1, 1, 0]
Total Accuracy: 50.397812542002974%

[0, 1, 1, 0, 0, 1, 1, 0, 1, 1, 0]
Total Accuracy: 46.89652847545431%

[1, 1, 1, 1, 1, 1, 0, 1, 1, 1, 1]
Total Accuracy: 52.96974225265801%

[1, 1, 1, 0, 1, 1, 1, 1, 0, 0, 0]
Total Accuracy: 49.60492200830605%

[0, 1, 1, 1, 1, 1, 0, 1, 1, 0, 0]
Total Accuracy: 45.854371612709215%

[1, 1, 1, 1, 0, 1, 1, 1, 1, 0, 0]
Total Accuracy: 49.73123779777974%

[1, 1, 1, 0, 0, 1, 1, 1, 0, 0, 1]
Total Accuracy: 52.76321222807701%

gBestValue + gBestPos : 
53.35921639249402 [1, 1, 1, 1, 1, 1, 0, 1, 1, 1, 1]
Iteration 3 --------------
[0, 1, 1, 1, 1, 1, 1, 1, 1, 0, 1]
Total Accuracy: 51.64171240007564%

[0, 1, 1, 1, 0, 0, 0, 1, 0, 0, 1]
Total Accuracy: 51.7232567199065%

[1, 1, 1, 1, 0, 1, 0, 0, 0, 1, 1]
Total Accuracy: 55.53812309633973%

[0, 1, 0, 1, 1, 0, 1, 1, 0, 1, 0]
Total Accuracy: 53.82808999514758%

[1, 1, 1, 0, 1, 1, 0, 1, 0, 1, 0]
Total Accuracy: 48.76008766234506%

[0, 1, 0, 1, 1, 1, 1, 1, 1, 0, 0]
Total Accuracy: 47.829804399975394%

[1, 0, 1, 1, 1, 1, 1, 0, 1, 1, 1]
Total Accuracy: 51.45524857787893%

[1, 0, 1, 1, 1, 0, 1, 1, 1, 1, 1]
Total Accuracy: 51.327579694594235%

[1, 1, 1, 1, 1, 1, 1, 1, 1, 1, 1]
Total Accuracy: 52.90311590884757%

[0, 0, 0, 0, 1, 1, 1, 0, 1, 1, 1]
Total Accuracy: 53.235038625651256%

gBestValue + gBestPos : 
55.53812309633973 [1, 1, 1, 1, 0, 1, 0, 0, 0, 1, 1]
Iteration 4 --------------
[1, 1, 1, 1, 1, 1, 1, 1, 1, 0, 1]
Total Accuracy: 51.57725904815278%

[1, 1, 1, 1, 0, 0, 1, 1, 1, 1, 1]
Total Accuracy: 54.41539638278921%

[0, 1, 1, 1, 1, 1, 1, 1, 1, 0, 0]
Total Accuracy: 46.83777374549216%

[1, 1, 0, 1, 1, 0, 1, 1, 1, 1, 1]
Total Accuracy: 52.443019817430866%

[0, 1, 1, 1, 1, 1, 1, 1, 0, 1, 1]
Total Accuracy: 53.42505666842082%

[1, 0, 1, 1, 1, 0, 1, 1, 0, 1, 0]
Total Accuracy: 54.34700449018925%

[1, 1, 0, 1, 1, 0, 1, 1, 0, 1, 0]
Total Accuracy: 55.06945589203499%

[0, 1, 1, 0, 0, 1, 1, 1, 1, 0, 1]
Total Accuracy: 50.395204086049425%

[1, 1, 1, 1, 0, 1, 1, 1, 1, 1, 1]
Total Accuracy: 52.10878628202762%

[0, 1, 1, 1, 1, 1, 1, 1, 1, 0, 1]
Total Accuracy: 51.64171240007564%

gBestValue + gBestPos : 
55.53812309633973 [0, 1, 1, 1, 1, 1, 1, 1, 1, 0, 0]
Iteration 5 --------------
[1, 1, 1, 1, 1, 0, 0, 1, 0, 1, 0]
Total Accuracy: 54.28652362304281%

[1, 1, 0, 1, 1, 0, 1, 0, 0, 1, 0]
Total Accuracy: 51.39471052973298%

[0, 1, 1, 0, 1, 1, 0, 1, 1, 0, 1]
Total Accuracy: 51.328462468988995%

[1, 1, 0, 1, 0, 1, 1, 0, 1, 1, 0]
Total Accuracy: 47.11924949368617%

[1, 1, 1, 0, 1, 1, 0, 1, 1, 1, 1]
Total Accuracy: 51.98680451615991%

[1, 1, 0, 1, 1, 1, 1, 1, 1, 0, 0]
Total Accuracy: 49.28427066888101%

[1, 1, 0, 0, 0, 1, 0, 1, 0, 1, 1]
Total Accuracy: 53.43769309977971%

[1, 1, 1, 1, 0, 1, 1, 1, 1, 0, 0]
Total Accuracy: 49.73123779777974%

[1, 1, 1, 0, 1, 0, 1, 1, 0, 1, 0]
Total Accuracy: 52.09574878632759%

[1, 1, 0, 0, 0, 1, 1, 1, 0, 1, 1]
Total Accuracy: 52.78154147217153%

gBestValue + gBestPos : 
55.53812309633973 [0, 1, 1, 0, 1, 1, 0, 1, 1, 0, 1]
Iteration 6 --------------
[0, 1, 1, 1, 1, 1, 1, 0, 1, 0, 1]
Total Accuracy: 50.05881510034011%

[0, 1, 1, 1, 1, 1, 1, 1, 0, 0, 1]
Total Accuracy: 52.5745866907237%

[1, 1, 0, 0, 1, 1, 1, 1, 0, 1, 1]
Total Accuracy: 52.649974029346836%

[1, 1, 1, 1, 1, 1, 1, 0, 1, 0, 0]
Total Accuracy: 47.09921803274581%

[1, 1, 1, 0, 1, 1, 0, 1, 1, 1, 1]
Total Accuracy: 51.98680451615991%

[0, 1, 0, 1, 1, 0, 1, 1, 0, 1, 1]
Total Accuracy: 53.09913693140786%

[1, 1, 0, 1, 1, 1, 1, 1, 0, 1, 1]
Total Accuracy: 52.907020163706235%

[0, 1, 1, 0, 1, 1, 1, 1, 0, 0, 0]
Total Accuracy: 46.17198472743344%

[1, 1, 1, 1, 1, 1, 1, 1, 1, 1, 0]
Total Accuracy: 51.91450779916939%

[0, 1, 0, 1, 0, 1, 1, 0, 1, 0, 1]
Total Accuracy: 51.048254270919465%

gBestValue + gBestPos : 
55.53812309633973 [1, 1, 0, 0, 1, 1, 1, 1, 0, 1, 1]
Iteration 7 --------------
[0, 1, 1, 1, 1, 1, 1, 1, 1, 1, 1]
Total Accuracy: 52.36889399189444%

[0, 1, 1, 1, 1, 0, 1, 1, 1, 0, 0]
Total Accuracy: 48.09387969664454%

[1, 1, 0, 1, 1, 1, 0, 1, 0, 1, 1]
Total Accuracy: 53.112672995304784%

[1, 1, 1, 1, 1, 0, 1, 1, 1, 0, 1]
Total Accuracy: 53.15402772936757%

[1, 0, 1, 1, 1, 0, 1, 1, 1, 1, 1]
Total Accuracy: 51.327579694594235%

[1, 0, 1, 1, 1, 1, 1, 1, 1, 0, 1]
Total Accuracy: 49.87495973409696%

[1, 0, 0, 0, 1, 1, 1, 1, 1, 0, 1]
Total Accuracy: 51.25872887321536%

[1, 0, 1, 0, 0, 1, 1, 0, 1, 0, 1]
Total Accuracy: 50.52762001745045%

[1, 1, 1, 1, 1, 1, 1, 0, 0, 1, 0]
Total Accuracy: 49.67810161359769%

[1, 1, 1, 1, 0, 1, 1, 0, 0, 0, 1]
Total Accuracy: 51.242154015085745%

gBestValue + gBestPos : 
55.53812309633973 [1, 1, 0, 1, 1, 1, 0, 1, 0, 1, 1]
Iteration 8 --------------
[0, 1, 1, 1, 1, 0, 1, 1, 1, 1, 1]
Total Accuracy: 53.95441159384632%

[0, 1, 1, 1, 0, 1, 1, 0, 1, 0, 1]
Total Accuracy: 50.057507796891265%

[0, 1, 1, 1, 0, 1, 1, 1, 1, 1, 1]
Total Accuracy: 51.97238556396185%

[1, 1, 1, 1, 1, 1, 1, 0, 1, 1, 0]
Total Accuracy: 48.35881510034012%

[0, 0, 1, 1, 1, 0, 0, 1, 1, 1, 0]
Total Accuracy: 51.59162605904451%

[0, 0, 1, 1, 1, 0, 1, 1, 1, 0, 1]
Total Accuracy: 50.595244181092916%

[1, 1, 0, 1, 1, 0, 1, 1, 1, 0, 0]
Total Accuracy: 48.75308162302914%

[1, 1, 0, 1, 1, 0, 1, 0, 1, 1, 0]
Total Accuracy: 49.01930109327337%

[1, 1, 1, 0, 1, 1, 1, 0, 0, 1, 1]
Total Accuracy: 52.30270880746862%

[0, 0, 1, 1, 1, 0, 1, 0, 1, 1, 0]
Total Accuracy: 46.89828889845702%

gBestValue + gBestPos : 
55.53812309633973 [0, 1, 1, 1, 0, 1, 1, 1, 1, 1, 1]
Iteration 9 --------------
[1, 1, 0, 1, 0, 1, 1, 1, 1, 1, 0]
Total Accuracy: 51.0640721072907%

[0, 1, 1, 1, 1, 1, 1, 1, 0, 1, 1]
Total Accuracy: 53.42505666842082%

[1, 0, 1, 0, 1, 0, 1, 1, 1, 1, 0]
Total Accuracy: 49.14345550930956%

[1, 1, 1, 1, 1, 0, 1, 1, 1, 1, 0]
Total Accuracy: 50.66712798747941%

[1, 0, 0, 1, 1, 0, 0, 0, 1, 0, 1]
Total Accuracy: 49.93378349132148%

[1, 1, 1, 1, 1, 1, 1, 0, 0, 1, 1]
Total Accuracy: 52.50399298792364%

[0, 0, 0, 1, 0, 1, 0, 0, 1, 1, 0]
Total Accuracy: 47.76011659456393%

[1, 1, 1, 0, 0, 1, 1, 1, 1, 1, 1]
Total Accuracy: 52.17892732089931%

[1, 1, 1, 1, 0, 0, 0, 1, 1, 0, 1]
Total Accuracy: 52.49344970008451%

[1, 1, 0, 1, 0, 1, 1, 1, 0, 0, 1]
Total Accuracy: 54.02319942500062%

gBestValue + gBestPos : 
55.53812309633973 [1, 0, 1, 0, 1, 0, 1, 1, 1, 1, 0]
Iteration 10 --------------
[1, 1, 0, 1, 0, 0, 1, 1, 0, 1, 1]
Total Accuracy: 54.62192105377064%

[1, 1, 1, 1, 0, 0, 1, 0, 1, 1, 1]
Total Accuracy: 54.88414400499365%

[1, 1, 0, 0, 1, 0, 1, 1, 0, 1, 1]
Total Accuracy: 56.006601443877194%

[1, 1, 1, 1, 1, 0, 1, 1, 1, 1, 1]
Total Accuracy: 54.94741683126138%

[1, 0, 1, 0, 1, 0, 1, 0, 1, 0, 1]
Total Accuracy: 50.2701263449495%

[0, 1, 1, 1, 1, 1, 1, 0, 1, 1, 1]
Total Accuracy: 53.2859847319897%

[0, 1, 1, 1, 0, 1, 1, 1, 0, 0, 1]
Total Accuracy: 52.176335381369924%

[1, 1, 1, 1, 1, 1, 1, 1, 1, 0, 0]
Total Accuracy: 49.93212068608088%

[1, 1, 0, 0, 0, 1, 1, 1, 0, 0, 1]
Total Accuracy: 52.77670831083683%

[1, 0, 0, 1, 0, 1, 0, 0, 0, 1, 1]
Total Accuracy: 53.227167011802976%

gBestValue + gBestPos : 
56.006601443877194 [1, 1, 0, 0, 1, 0, 1, 1, 0, 1, 1]
Iteration 11 --------------
[1, 1, 1, 1, 1, 1, 1, 1, 0, 1, 1]
Total Accuracy: 52.433450656898046%

[0, 1, 0, 1, 1, 0, 0, 0, 1, 0, 1]
Total Accuracy: 51.71012775738852%

[1, 0, 0, 1, 1, 1, 1, 0, 1, 0, 1]
Total Accuracy: 50.93105964821156%

[1, 0, 1, 1, 1, 0, 1, 1, 1, 1, 0]
Total Accuracy: 50.854429021521476%

[0, 0, 1, 1, 1, 0, 1, 0, 1, 1, 1]
Total Accuracy: 53.16575199848732%

[1, 0, 1, 0, 0, 0, 0, 1, 1, 1, 1]
Total Accuracy: 51.12188676795222%

[0, 0, 1, 0, 1, 0, 1, 0, 0, 1, 1]
Total Accuracy: 52.56235246276971%

[0, 1, 0, 1, 1, 1, 0, 0, 1, 1, 1]
Total Accuracy: 53.5587687404461%

[1, 1, 1, 1, 0, 1, 1, 0, 0, 1, 0]
Total Accuracy: 47.565345124921116%

[0, 0, 0, 1, 0, 1, 0, 0, 1, 1, 1]
Total Accuracy: 52.76183065767261%

gBestValue + gBestPos : 
56.006601443877194 [1, 0, 0, 1, 1, 1, 1, 0, 1, 0, 1]
Iteration 12 --------------
[0, 1, 0, 1, 1, 0, 0, 1, 1, 0, 1]
Total Accuracy: 51.25350000113906%

[0, 1, 1, 1, 1, 1, 1, 1, 1, 0, 1]
Total Accuracy: 51.64171240007564%

[0, 1, 1, 0, 0, 1, 1, 0, 1, 1, 0]
Total Accuracy: 46.89652847545431%

[0, 0, 1, 1, 1, 0, 1, 1, 1, 1, 0]
Total Accuracy: 50.793879468831804%

[1, 0, 1, 1, 0, 0, 1, 0, 1, 1, 0]
Total Accuracy: 47.09439569251658%

[0, 1, 1, 1, 0, 1, 0, 0, 1, 0, 1]
Total Accuracy: 49.86452522684455%

[0, 1, 0, 1, 1, 1, 1, 0, 1, 0, 0]
Total Accuracy: 45.784677998072695%

[0, 1, 0, 1, 1, 1, 0, 1, 1, 1, 1]
Total Accuracy: 52.246396230154666%

[1, 1, 1, 1, 1, 1, 0, 0, 0, 1, 0]
Total Accuracy: 49.21533373428377%

[1, 0, 0, 0, 0, 0, 0, 1, 1, 0, 0]
Total Accuracy: 46.3179314830382%

gBestValue + gBestPos : 
56.006601443877194 [0, 1, 1, 0, 0, 1, 1, 0, 1, 1, 0]
Iteration 13 --------------
[0, 1, 1, 1, 1, 0, 1, 1, 1, 0, 1]
Total Accuracy: 53.62550420656238%

[0, 1, 0, 1, 1, 1, 1, 0, 0, 1, 1]
Total Accuracy: 54.02407092266441%

[0, 1, 0, 1, 1, 0, 1, 1, 1, 1, 1]
Total Accuracy: 51.78381800495265%

[1, 1, 1, 1, 1, 1, 1, 1, 1, 0, 1]
Total Accuracy: 51.57725904815278%

[0, 1, 1, 1, 1, 1, 1, 0, 1, 0, 0]
Total Accuracy: 45.910162612738844%

[1, 1, 1, 1, 0, 0, 1, 1, 1, 0, 1]
Total Accuracy: 51.9680627031805%

[1, 1, 0, 1, 1, 0, 0, 1, 1, 0, 1]
Total Accuracy: 49.738123551965224%

[1, 1, 0, 1, 1, 1, 1, 1, 1, 1, 0]
Total Accuracy: 51.585589249060845%

[1, 1, 0, 1, 0, 1, 0, 1, 0, 0, 1]
Total Accuracy: 52.913527293106156%

[1, 1, 1, 1, 1, 1, 1, 1, 1, 1, 0]
Total Accuracy: 51.91450779916939%

gBestValue + gBestPos : 
56.006601443877194 [0, 1, 0, 1, 1, 0, 1, 1, 1, 1, 1]
Iteration 14 --------------
[1, 1, 1, 1, 1, 1, 1, 1, 1, 0, 1]
Total Accuracy: 51.57725904815278%

[0, 1, 1, 1, 1, 1, 0, 0, 1, 1, 0]
Total Accuracy: 47.82017851406859%

[1, 0, 0, 1, 1, 1, 1, 1, 0, 0, 1]
Total Accuracy: 52.30784598491424%

[1, 0, 1, 1, 0, 1, 1, 1, 1, 0, 0]
Total Accuracy: 47.76271901347968%

[1, 0, 0, 1, 0, 0, 1, 1, 1, 1, 1]
Total Accuracy: 50.72279836065947%

[1, 0, 1, 1, 0, 1, 1, 0, 1, 1, 1]
Total Accuracy: 51.649555537330535%

[0, 0, 1, 1, 1, 1, 0, 1, 0, 0, 1]
Total Accuracy: 49.34814503470727%

[1, 1, 1, 1, 0, 0, 1, 1, 0, 1, 0]
Total Accuracy: 53.21675539973163%

[1, 1, 0, 0, 1, 1, 0, 1, 0, 1, 0]
Total Accuracy: 50.00653856755901%

[1, 1, 1, 1, 1, 0, 1, 1, 1, 0, 0]
Total Accuracy: 48.353958929917965%

gBestValue + gBestPos : 
56.006601443877194 [1, 0, 0, 1, 1, 1, 1, 1, 0, 0, 1]
print history : 
0 53.35921639249402
1 53.35921639249402
2 55.53812309633973
3 55.53812309633973
4 55.53812309633973
5 55.53812309633973
6 55.53812309633973
7 55.53812309633973
8 55.53812309633973
9 56.006601443877194
10 56.006601443877194
11 56.006601443877194
12 56.006601443877194
13 56.006601443877194
Program execution time : 1150.2113966941833 s
