[1, 1, 0, 0, 0, 1, 1, 1, 0, 0, 1]
Total Accuracy: 56.60215795624627%

[0, 1, 1, 0, 0, 0, 1, 0, 1, 1, 0]
Total Accuracy: 51.309233136730924%

[0, 1, 0, 0, 1, 0, 0, 1, 1, 0, 0]
Total Accuracy: 49.1517226060867%

[1, 0, 0, 0, 1, 0, 0, 0, 1, 1, 0]
Total Accuracy: 48.678898616493186%

[0, 1, 0, 1, 1, 0, 1, 0, 0, 1, 1]
Total Accuracy: 60.35352209897553%

[0, 1, 0, 0, 0, 1, 1, 0, 1, 0, 1]
Total Accuracy: 55.34165487735701%

[1, 0, 1, 0, 0, 0, 0, 0, 0, 0, 0]
Total Accuracy: 44.45305348815488%

[1, 1, 0, 1, 0, 1, 1, 1, 1, 0, 1]
Total Accuracy: 55.34511728939282%

[1, 0, 1, 0, 1, 1, 0, 0, 0, 1, 0]
Total Accuracy: 48.81183658080404%

[1, 1, 1, 0, 1, 1, 1, 1, 0, 0, 1]
Total Accuracy: 56.722356290023846%

Iteration 1 --------------
[1, 1, 0, 0, 0, 1, 1, 1, 0, 0, 1]
Total Accuracy: 56.60215795624627%

[0, 1, 1, 0, 0, 0, 1, 0, 1, 1, 0]
Total Accuracy: 51.309233136730924%

[0, 1, 0, 0, 1, 0, 0, 1, 1, 0, 0]
Total Accuracy: 49.1517226060867%

[1, 0, 0, 0, 1, 0, 0, 0, 1, 1, 0]
Total Accuracy: 48.678898616493186%

[0, 1, 0, 1, 1, 0, 1, 0, 0, 1, 1]
Total Accuracy: 60.35352209897553%

[0, 1, 0, 0, 0, 1, 1, 0, 1, 0, 1]
Total Accuracy: 55.34165487735701%

[1, 0, 1, 0, 0, 0, 0, 0, 0, 0, 0]
Total Accuracy: 44.45305348815488%

[1, 1, 0, 1, 0, 1, 1, 1, 1, 0, 1]
Total Accuracy: 55.34511728939282%

[1, 0, 1, 0, 1, 1, 0, 0, 0, 1, 0]
Total Accuracy: 48.81183658080404%

[1, 1, 1, 0, 1, 1, 1, 1, 0, 0, 1]
Total Accuracy: 56.722356290023846%

gBestValue + gBestPos : 
60.35352209897553 [0, 1, 0, 1, 1, 0, 1, 0, 0, 1, 1]
Iteration 2 --------------
[0, 1, 0, 1, 0, 1, 0, 1, 1, 1, 1]
Total Accuracy: 57.12100296840009%

[1, 0, 1, 1, 1, 1, 1, 1, 0, 1, 0]
Total Accuracy: 52.24299623881154%

[1, 0, 1, 0, 1, 0, 0, 1, 1, 1, 0]
Total Accuracy: 51.781501149315304%

[1, 0, 1, 1, 0, 1, 1, 1, 0, 0, 1]
Total Accuracy: 55.67229284417381%

[0, 1, 0, 0, 1, 1, 1, 1, 0, 1, 1]
Total Accuracy: 54.029311071471696%

[1, 1, 1, 1, 0, 1, 1, 0, 1, 1, 0]
Total Accuracy: 51.85561512858891%

[1, 1, 1, 0, 1, 0, 1, 0, 0, 1, 1]
Total Accuracy: 56.06185298332183%

[0, 0, 1, 1, 1, 1, 0, 1, 0, 0, 1]
Total Accuracy: 54.29295022063665%

[1, 1, 1, 0, 1, 1, 1, 1, 0, 1, 1]
Total Accuracy: 56.983759912702155%

[1, 1, 1, 0, 1, 1, 0, 0, 0, 1, 1]
Total Accuracy: 56.062672881398406%

gBestValue + gBestPos : 
60.35352209897553 [0, 1, 0, 0, 1, 1, 1, 1, 0, 1, 1]
Iteration 3 --------------
[1, 1, 1, 1, 1, 1, 1, 1, 1, 1, 1]
Total Accuracy: 56.456578320883374%

[0, 0, 1, 1, 0, 1, 1, 0, 1, 1, 1]
Total Accuracy: 56.06355565579317%

[0, 1, 1, 1, 1, 1, 1, 0, 0, 0, 1]
Total Accuracy: 55.616617231300566%

[1, 1, 1, 0, 0, 1, 0, 1, 1, 0, 1]
Total Accuracy: 53.96395706185344%

[1, 1, 1, 1, 0, 1, 1, 0, 1, 1, 1]
Total Accuracy: 55.53460270595981%

[1, 0, 1, 0, 1, 1, 1, 0, 1, 1, 1]
Total Accuracy: 55.41221406652587%

[1, 1, 0, 1, 1, 1, 1, 1, 0, 0, 1]
Total Accuracy: 55.73983704554204%

[1, 1, 1, 0, 0, 0, 1, 1, 1, 1, 0]
Total Accuracy: 53.887239980225864%

[1, 0, 1, 1, 0, 1, 1, 1, 1, 1, 1]
Total Accuracy: 56.99594857810674%

[1, 0, 1, 1, 0, 1, 1, 1, 1, 1, 0]
Total Accuracy: 53.96091860933988%

gBestValue + gBestPos : 
60.35352209897553 [1, 1, 1, 1, 0, 1, 1, 0, 1, 1, 1]
Iteration 4 --------------
[1, 0, 1, 0, 1, 1, 1, 1, 1, 1, 1]
Total Accuracy: 56.13416109094968%

[0, 1, 0, 1, 0, 1, 0, 1, 0, 1, 0]
Total Accuracy: 54.42542356084992%

[1, 1, 1, 0, 1, 1, 0, 1, 1, 1, 1]
Total Accuracy: 56.98634570128737%

[1, 1, 1, 0, 0, 1, 0, 1, 1, 1, 0]
Total Accuracy: 53.82580753923505%

[1, 1, 0, 0, 1, 1, 1, 0, 1, 0, 1]
Total Accuracy: 54.42753937173801%

[1, 1, 1, 0, 1, 1, 1, 0, 0, 1, 1]
Total Accuracy: 54.548649298222834%

[1, 0, 1, 1, 1, 1, 1, 1, 1, 0, 1]
Total Accuracy: 56.133278202648555%

[0, 0, 1, 0, 0, 1, 0, 1, 1, 1, 1]
Total Accuracy: 54.81790163956835%

[1, 0, 0, 0, 1, 1, 1, 0, 0, 0, 0]
Total Accuracy: 46.51180240889199%

[0, 0, 0, 1, 0, 1, 1, 1, 1, 1, 0]
Total Accuracy: 52.77141633462958%

gBestValue + gBestPos : 
60.35352209897553 [1, 1, 0, 0, 1, 1, 1, 0, 1, 0, 1]
Iteration 5 --------------
[1, 1, 1, 1, 1, 1, 0, 1, 1, 1, 1]
Total Accuracy: 57.77456368163625%

[1, 1, 1, 0, 1, 0, 0, 0, 0, 0, 0]
Total Accuracy: 48.212260995951766%

[1, 1, 1, 0, 1, 1, 1, 1, 1, 1, 1]
Total Accuracy: 56.45656123492735%

[1, 1, 1, 0, 1, 1, 1, 0, 1, 0, 1]
Total Accuracy: 55.99908499010154%

[1, 1, 1, 0, 1, 1, 1, 0, 0, 1, 0]
Total Accuracy: 51.0604427085113%

[1, 0, 1, 0, 1, 0, 1, 1, 1, 0, 1]
Total Accuracy: 54.01931829313578%

[1, 0, 1, 1, 1, 0, 0, 1, 1, 1, 1]
Total Accuracy: 56.26355576969954%

[0, 1, 0, 1, 1, 1, 1, 1, 1, 0, 0]
Total Accuracy: 50.00870575022155%

[1, 1, 1, 1, 1, 1, 1, 1, 1, 1, 1]
Total Accuracy: 56.456578320883374%

[0, 0, 1, 0, 0, 0, 1, 1, 1, 0, 0]
Total Accuracy: 50.65704852639324%

gBestValue + gBestPos : 
60.35352209897553 [1, 1, 1, 0, 1, 1, 1, 0, 0, 1, 0]
Iteration 6 --------------
[1, 1, 1, 1, 1, 0, 1, 1, 1, 1, 0]
Total Accuracy: 55.00829830712348%

[1, 1, 1, 1, 1, 1, 1, 1, 1, 0, 0]
Total Accuracy: 51.57944286114586%

[1, 1, 1, 1, 1, 1, 1, 1, 1, 0, 1]
Total Accuracy: 56.3894643438879%

[1, 1, 1, 1, 0, 0, 1, 1, 1, 1, 1]
Total Accuracy: 57.248276824381435%

[1, 1, 1, 1, 0, 1, 1, 1, 1, 0, 1]
Total Accuracy: 55.66532143239543%

[1, 0, 1, 1, 1, 0, 1, 1, 1, 0, 0]
Total Accuracy: 50.79080638878067%

[0, 1, 1, 1, 1, 1, 1, 1, 1, 1, 1]
Total Accuracy: 55.99641878361662%

[1, 0, 1, 1, 1, 1, 1, 1, 1, 0, 1]
Total Accuracy: 56.133278202648555%

[0, 1, 1, 1, 1, 1, 0, 1, 1, 1, 0]
Total Accuracy: 55.867505701014%

[1, 0, 1, 1, 1, 0, 1, 1, 1, 1, 1]
Total Accuracy: 56.00043819781892%

gBestValue + gBestPos : 
60.35352209897553 [1, 1, 1, 1, 0, 1, 1, 1, 1, 0, 1]
Iteration 7 --------------
[1, 0, 0, 0, 1, 0, 1, 1, 1, 1, 1]
Total Accuracy: 55.139441676519574%

[1, 1, 0, 1, 0, 1, 1, 0, 1, 1, 1]
Total Accuracy: 55.27938533842721%

[1, 1, 1, 1, 1, 1, 0, 1, 1, 1, 0]
Total Accuracy: 53.890307137145555%

[1, 1, 1, 0, 0, 0, 1, 1, 0, 1, 1]
Total Accuracy: 57.30704283107458%

[0, 1, 1, 1, 1, 1, 1, 1, 1, 0, 1]
Total Accuracy: 54.75128645858251%

[1, 0, 1, 0, 1, 1, 1, 1, 0, 1, 1]
Total Accuracy: 56.4534594504701%

[1, 1, 1, 1, 1, 0, 1, 1, 0, 0, 1]
Total Accuracy: 56.717127645760286%

[0, 0, 1, 1, 1, 0, 1, 1, 1, 1, 1]
Total Accuracy: 57.7140428333527%

[0, 1, 1, 1, 1, 1, 1, 1, 1, 0, 1]
Total Accuracy: 54.75128645858251%

[0, 1, 0, 1, 1, 0, 0, 1, 1, 1, 1]
Total Accuracy: 54.6785368498509%

gBestValue + gBestPos : 
60.35352209897553 [0, 1, 1, 1, 1, 1, 1, 1, 1, 0, 1]
Iteration 8 --------------
[1, 0, 0, 1, 0, 1, 1, 1, 1, 0, 0]
Total Accuracy: 48.35868285504047%

[1, 1, 1, 0, 0, 1, 0, 0, 0, 1, 0]
Total Accuracy: 50.33240135138522%

[1, 0, 1, 1, 1, 1, 0, 1, 1, 0, 1]
Total Accuracy: 54.227138079584094%

[1, 1, 0, 1, 1, 0, 0, 1, 0, 1, 1]
Total Accuracy: 58.70485286713732%

[1, 0, 0, 1, 1, 1, 0, 0, 1, 1, 1]
Total Accuracy: 56.588145763708056%

[0, 1, 1, 1, 0, 0, 1, 1, 0, 1, 1]
Total Accuracy: 59.292514300945186%

[1, 0, 1, 1, 1, 0, 1, 1, 1, 1, 1]
Total Accuracy: 56.00043819781892%

[1, 1, 1, 1, 1, 1, 0, 0, 1, 0, 1]
Total Accuracy: 55.08236649603492%

[0, 1, 1, 1, 1, 0, 1, 0, 0, 1, 1]
Total Accuracy: 57.65217481438957%

[1, 1, 1, 1, 1, 0, 1, 1, 1, 0, 1]
Total Accuracy: 57.57195499786995%

gBestValue + gBestPos : 
60.35352209897553 [1, 0, 0, 1, 1, 1, 0, 0, 1, 1, 1]
Iteration 9 --------------
[1, 1, 0, 1, 0, 1, 1, 1, 0, 1, 1]
Total Accuracy: 56.791236157527955%

[1, 1, 1, 1, 1, 1, 1, 0, 1, 1, 0]
Total Accuracy: 51.001212077720595%

[1, 1, 1, 0, 1, 1, 1, 1, 1, 1, 0]
Total Accuracy: 54.21358424629292%

[0, 1, 1, 1, 0, 0, 0, 1, 1, 0, 0]
Total Accuracy: 51.2579429192381%

[0, 1, 0, 1, 1, 1, 1, 1, 1, 1, 1]
Total Accuracy: 56.798230578393785%

[1, 1, 1, 0, 1, 0, 1, 1, 0, 1, 1]
Total Accuracy: 57.04868369794764%

[1, 1, 1, 1, 1, 0, 0, 1, 1, 1, 0]
Total Accuracy: 53.82100900543789%

[1, 1, 0, 0, 1, 0, 0, 1, 1, 1, 1]
Total Accuracy: 55.47191490282647%

[0, 1, 0, 0, 1, 1, 1, 1, 1, 1, 0]
Total Accuracy: 52.245151916930354%

[1, 1, 1, 1, 1, 1, 1, 1, 0, 0, 1]
Total Accuracy: 56.788638864399026%

gBestValue + gBestPos : 
60.35352209897553 [0, 1, 0, 1, 1, 1, 1, 1, 1, 1, 1]
Iteration 10 --------------
[1, 1, 1, 1, 0, 0, 1, 1, 0, 1, 1]
Total Accuracy: 56.78332980223577%

[0, 1, 1, 1, 0, 1, 0, 1, 1, 0, 0]
Total Accuracy: 48.81802807564295%

[1, 1, 0, 0, 1, 1, 1, 0, 0, 1, 1]
Total Accuracy: 56.5324414464287%

[1, 1, 1, 0, 1, 0, 0, 1, 1, 1, 1]
Total Accuracy: 57.845157498342665%

[1, 1, 1, 1, 1, 1, 0, 1, 0, 1, 0]
Total Accuracy: 53.61230598896931%

[1, 0, 1, 1, 1, 1, 0, 1, 1, 1, 1]
Total Accuracy: 56.003012254047654%

[1, 0, 1, 1, 0, 1, 1, 1, 0, 1, 1]
Total Accuracy: 56.46043655756715%

[1, 1, 0, 1, 1, 1, 0, 1, 0, 0, 1]
Total Accuracy: 54.95732349637891%

[1, 1, 0, 1, 1, 1, 1, 1, 0, 1, 1]
Total Accuracy: 56.072345013292875%

[1, 1, 1, 0, 0, 0, 1, 1, 0, 1, 1]
Total Accuracy: 57.30704283107458%

gBestValue + gBestPos : 
60.35352209897553 [1, 1, 1, 1, 1, 1, 0, 1, 0, 1, 0]
Iteration 11 --------------
[1, 1, 1, 0, 0, 1, 1, 1, 1, 1, 1]
Total Accuracy: 55.802158070152664%

[0, 1, 1, 0, 0, 1, 1, 1, 0, 1, 0]
Total Accuracy: 53.82240777570469%

[1, 1, 1, 1, 1, 1, 1, 1, 1, 1, 1]
Total Accuracy: 56.456578320883374%

[1, 1, 1, 1, 0, 0, 1, 1, 1, 0, 1]
Total Accuracy: 56.455741222944404%

[0, 1, 0, 1, 0, 0, 1, 1, 0, 1, 0]
Total Accuracy: 54.81363049228057%

[0, 0, 1, 1, 0, 1, 1, 1, 1, 1, 1]
Total Accuracy: 56.86176675619707%

[1, 1, 1, 1, 1, 1, 0, 1, 1, 1, 0]
Total Accuracy: 53.890307137145555%

[1, 1, 0, 1, 0, 1, 1, 0, 1, 1, 0]
Total Accuracy: 51.51451315276895%

[1, 1, 1, 1, 1, 1, 1, 1, 0, 0, 1]
Total Accuracy: 56.788638864399026%

[1, 1, 1, 0, 1, 1, 1, 1, 1, 0, 1]
Total Accuracy: 56.19296172518036%

gBestValue + gBestPos : 
60.35352209897553 [0, 1, 0, 1, 0, 0, 1, 1, 0, 1, 0]
Iteration 12 --------------
[1, 1, 1, 1, 1, 1, 1, 0, 0, 1, 0]
Total Accuracy: 50.39821383415687%

[1, 1, 1, 1, 0, 1, 1, 0, 1, 0, 0]
Total Accuracy: 48.47548757623184%

[0, 1, 1, 1, 1, 0, 1, 0, 1, 1, 1]
Total Accuracy: 57.97365755643492%

[1, 1, 0, 0, 1, 0, 1, 1, 0, 0, 1]
Total Accuracy: 55.72940288000875%

[0, 0, 0, 1, 1, 1, 0, 1, 1, 0, 1]
Total Accuracy: 53.22799249129186%

[0, 0, 1, 0, 0, 1, 0, 0, 0, 0, 1]
Total Accuracy: 53.958740491665466%

[1, 1, 0, 0, 0, 1, 0, 0, 1, 1, 0]
Total Accuracy: 50.46529329752117%

[1, 1, 1, 0, 0, 0, 1, 1, 0, 1, 1]
Total Accuracy: 57.30704283107458%

[1, 0, 1, 1, 1, 0, 1, 1, 1, 1, 0]
Total Accuracy: 53.36575735208688%

[1, 0, 1, 1, 0, 1, 1, 1, 1, 1, 1]
Total Accuracy: 56.99594857810674%

gBestValue + gBestPos : 
60.35352209897553 [0, 0, 0, 1, 1, 1, 0, 1, 1, 0, 1]
Iteration 13 --------------
[1, 1, 1, 0, 1, 1, 1, 1, 1, 0, 1]
Total Accuracy: 56.19296172518036%

[1, 1, 0, 0, 1, 1, 1, 0, 1, 1, 1]
Total Accuracy: 54.627596780550256%

[1, 1, 0, 0, 0, 1, 1, 0, 1, 1, 0]
Total Accuracy: 52.8329055009944%

[1, 1, 1, 1, 0, 1, 1, 1, 0, 0, 1]
Total Accuracy: 56.59515168911761%

[0, 0, 0, 1, 1, 1, 1, 0, 1, 0, 0]
Total Accuracy: 47.03159352738423%

[0, 1, 0, 0, 0, 0, 1, 1, 1, 1, 1]
Total Accuracy: 55.997795000421455%

[0, 0, 1, 1, 0, 0, 1, 1, 1, 0, 1]
Total Accuracy: 53.296470611016574%

[1, 0, 1, 1, 1, 1, 1, 0, 1, 1, 1]
Total Accuracy: 56.195994368468895%

[1, 1, 1, 1, 1, 1, 1, 0, 1, 0, 0]
Total Accuracy: 48.35003155206547%

[0, 1, 1, 0, 0, 1, 1, 0, 0, 1, 0]
Total Accuracy: 51.717053150992015%

gBestValue + gBestPos : 
60.35352209897553 [0, 0, 0, 1, 1, 1, 1, 0, 1, 0, 0]
Iteration 14 --------------
[1, 1, 1, 1, 0, 1, 1, 1, 0, 1, 1]
Total Accuracy: 55.20611961991722%

[1, 1, 1, 0, 1, 0, 1, 1, 0, 1, 0]
Total Accuracy: 56.39473900632636%

[0, 0, 1, 1, 1, 1, 1, 0, 0, 0, 1]
Total Accuracy: 52.6403417646831%

[1, 0, 1, 1, 1, 0, 1, 1, 0, 1, 1]
Total Accuracy: 56.92498205974617%

[1, 1, 1, 1, 1, 1, 0, 0, 0, 1, 1]
Total Accuracy: 56.85126914481373%

[1, 1, 1, 0, 1, 1, 1, 1, 1, 1, 1]
Total Accuracy: 56.45656123492735%

[1, 0, 1, 0, 1, 1, 1, 0, 1, 1, 0]
Total Accuracy: 50.398271356875505%

[1, 0, 1, 1, 0, 1, 1, 1, 1, 1, 1]
Total Accuracy: 56.99594857810674%

[1, 0, 1, 1, 1, 1, 1, 1, 1, 0, 1]
Total Accuracy: 56.133278202648555%

[0, 1, 1, 0, 1, 0, 1, 1, 1, 0, 1]
Total Accuracy: 57.65219235597109%

gBestValue + gBestPos : 
60.35352209897553 [1, 1, 1, 1, 1, 1, 0, 0, 0, 1, 1]
print history : 
0 60.35352209897553
1 60.35352209897553
2 60.35352209897553
3 60.35352209897553
4 60.35352209897553
5 60.35352209897553
6 60.35352209897553
7 60.35352209897553
8 60.35352209897553
9 60.35352209897553
10 60.35352209897553
11 60.35352209897553
12 60.35352209897553
13 60.35352209897553
Program execution time : 1130.8727538585663 s
