[0, 1, 0, 0, 1, 1, 0, 0, 1, 1, 1]
Total Accuracy: 55.21262697712988%

[0, 0, 1, 0, 0, 1, 0, 1, 1, 0, 0]
Total Accuracy: 48.16141159612446%

[1, 0, 0, 1, 0, 0, 1, 0, 0, 0, 1]
Total Accuracy: 55.07106071893147%

[0, 1, 0, 1, 1, 0, 0, 1, 0, 1, 1]
Total Accuracy: 59.22978663058113%

[1, 0, 1, 1, 1, 0, 1, 1, 1, 0, 0]
Total Accuracy: 50.79080638878067%

[1, 0, 1, 0, 1, 0, 0, 0, 1, 1, 1]
Total Accuracy: 56.72101492856931%

[1, 1, 1, 0, 0, 1, 0, 1, 1, 1, 0]
Total Accuracy: 53.82580753923505%

[1, 0, 0, 1, 1, 0, 1, 0, 1, 1, 1]
Total Accuracy: 56.39157969915048%

[0, 0, 0, 0, 0, 0, 1, 1, 1, 0, 0]
Total Accuracy: 46.57365835377953%

[0, 0, 0, 1, 0, 0, 1, 0, 0, 1, 1]
Total Accuracy: 60.80661249279543%

[0, 0, 1, 0, 1, 1, 1, 1, 0, 1, 0]
Total Accuracy: 53.428559972844724%

[1, 0, 1, 1, 0, 1, 1, 1, 0, 1, 1]
Total Accuracy: 56.46043655756715%

[1, 0, 0, 1, 0, 0, 1, 0, 1, 0, 1]
Total Accuracy: 52.18409217759371%

[1, 0, 1, 1, 1, 1, 1, 0, 0, 0, 0]
Total Accuracy: 46.973257175532%

[0, 1, 0, 0, 0, 1, 0, 1, 0, 1, 1]
Total Accuracy: 54.76391092977216%

Iteration 1 --------------
[0, 1, 0, 0, 1, 1, 0, 0, 1, 1, 1]
Total Accuracy: 55.21262697712988%

[0, 0, 1, 0, 0, 1, 0, 1, 1, 0, 0]
Total Accuracy: 48.16141159612446%

[1, 0, 0, 1, 0, 0, 1, 0, 0, 0, 1]
Total Accuracy: 55.07106071893147%

[0, 1, 0, 1, 1, 0, 0, 1, 0, 1, 1]
Total Accuracy: 59.22978663058113%

[1, 0, 1, 1, 1, 0, 1, 1, 1, 0, 0]
Total Accuracy: 50.79080638878067%

[1, 0, 1, 0, 1, 0, 0, 0, 1, 1, 1]
Total Accuracy: 56.72101492856931%

[1, 1, 1, 0, 0, 1, 0, 1, 1, 1, 0]
Total Accuracy: 53.82580753923505%

[1, 0, 0, 1, 1, 0, 1, 0, 1, 1, 1]
Total Accuracy: 56.39157969915048%

[0, 0, 0, 0, 0, 0, 1, 1, 1, 0, 0]
Total Accuracy: 46.57365835377953%

[0, 0, 0, 1, 0, 0, 1, 0, 0, 1, 1]
Total Accuracy: 60.80661249279543%

[0, 0, 1, 0, 1, 1, 1, 1, 0, 1, 0]
Total Accuracy: 53.428559972844724%

[1, 0, 1, 1, 0, 1, 1, 1, 0, 1, 1]
Total Accuracy: 56.46043655756715%

[1, 0, 0, 1, 0, 0, 1, 0, 1, 0, 1]
Total Accuracy: 52.18409217759371%

[1, 0, 1, 1, 1, 1, 1, 0, 0, 0, 0]
Total Accuracy: 46.973257175532%

[0, 1, 0, 0, 0, 1, 0, 1, 0, 1, 1]
Total Accuracy: 54.76391092977216%

gBestValue + gBestPos : 
60.80661249279543 [0, 0, 0, 1, 0, 0, 1, 0, 0, 1, 1]
Iteration 2 --------------
[1, 1, 1, 1, 1, 1, 1, 0, 1, 1, 0]
Total Accuracy: 51.001212077720595%

[0, 1, 1, 1, 1, 1, 1, 1, 0, 0, 0]
Total Accuracy: 50.39949790070554%

[1, 1, 1, 1, 0, 1, 1, 1, 1, 1, 1]
Total Accuracy: 56.33152381668365%

[1, 1, 1, 1, 0, 1, 0, 1, 1, 0, 1]
Total Accuracy: 54.752553439175145%

[1, 0, 1, 1, 1, 1, 1, 1, 1, 0, 1]
Total Accuracy: 56.133278202648555%

[1, 1, 1, 1, 1, 1, 1, 0, 0, 1, 0]
Total Accuracy: 50.39821383415687%

[0, 1, 0, 1, 1, 1, 1, 1, 1, 1, 1]
Total Accuracy: 56.798230578393785%

[0, 1, 1, 1, 0, 0, 1, 1, 1, 1, 1]
Total Accuracy: 57.77542937007498%

[1, 1, 0, 0, 0, 1, 1, 1, 1, 0, 1]
Total Accuracy: 56.40345375515142%

[0, 1, 1, 1, 1, 1, 1, 0, 0, 1, 0]
Total Accuracy: 50.20343097387671%

[0, 1, 1, 1, 1, 0, 0, 1, 1, 0, 0]
Total Accuracy: 52.10798870960025%

[1, 1, 1, 0, 1, 1, 0, 1, 1, 1, 0]
Total Accuracy: 53.49727877673668%

[1, 0, 0, 0, 1, 0, 1, 0, 1, 1, 1]
Total Accuracy: 55.67053879992801%

[1, 1, 0, 1, 1, 1, 1, 1, 1, 1, 1]
Total Accuracy: 55.80742658164695%

[0, 0, 1, 1, 1, 1, 0, 1, 1, 1, 1]
Total Accuracy: 55.87096868258167%

gBestValue + gBestPos : 
60.80661249279543 [0, 1, 1, 1, 1, 1, 1, 0, 0, 1, 0]
Iteration 3 --------------
[0, 1, 1, 1, 1, 1, 1, 0, 0, 0, 0]
Total Accuracy: 46.70959490337322%

[1, 1, 1, 0, 1, 0, 1, 1, 1, 1, 1]
Total Accuracy: 57.58116865661101%

[1, 0, 1, 1, 1, 1, 1, 1, 0, 1, 1]
Total Accuracy: 56.3262434589265%

[0, 0, 0, 1, 1, 1, 1, 1, 1, 0, 1]
Total Accuracy: 53.825360684531745%

[0, 1, 1, 1, 1, 1, 1, 0, 1, 1, 1]
Total Accuracy: 55.284574001553686%

[1, 0, 1, 1, 1, 0, 0, 1, 1, 1, 1]
Total Accuracy: 56.26355576969954%

[1, 1, 1, 0, 1, 1, 0, 1, 1, 1, 0]
Total Accuracy: 53.49727877673668%

[1, 1, 0, 1, 0, 0, 1, 0, 1, 1, 1]
Total Accuracy: 55.143781509350575%

[1, 1, 1, 1, 0, 1, 1, 1, 1, 0, 1]
Total Accuracy: 55.66532143239543%

[1, 1, 0, 1, 0, 1, 0, 1, 1, 1, 1]
Total Accuracy: 55.67712600550851%

[1, 1, 1, 1, 1, 0, 1, 1, 1, 0, 0]
Total Accuracy: 52.698649298222826%

[1, 1, 1, 1, 1, 1, 1, 1, 0, 1, 1]
Total Accuracy: 56.39256624225152%

[1, 0, 1, 1, 1, 0, 0, 1, 1, 0, 0]
Total Accuracy: 49.07194998598951%

[1, 1, 1, 1, 1, 1, 0, 1, 1, 1, 1]
Total Accuracy: 57.77456368163625%

[0, 1, 1, 1, 1, 0, 0, 1, 1, 0, 1]
Total Accuracy: 55.28377688475181%

gBestValue + gBestPos : 
60.80661249279543 [1, 1, 0, 1, 0, 1, 0, 1, 1, 1, 1]
Iteration 4 --------------
[1, 0, 1, 0, 1, 1, 1, 0, 1, 1, 0]
Total Accuracy: 50.398271356875505%

[1, 1, 0, 1, 1, 0, 1, 1, 0, 0, 0]
Total Accuracy: 52.43823221864557%

[0, 0, 1, 1, 1, 1, 1, 1, 1, 1, 0]
Total Accuracy: 55.141637335775485%

[0, 1, 1, 1, 1, 0, 1, 1, 1, 0, 1]
Total Accuracy: 57.71754044245792%

[1, 1, 1, 1, 1, 1, 0, 0, 0, 0, 1]
Total Accuracy: 56.192537537845396%

[1, 1, 1, 1, 1, 0, 1, 1, 1, 1, 1]
Total Accuracy: 57.97019514439911%

[1, 1, 1, 0, 1, 1, 0, 1, 1, 1, 1]
Total Accuracy: 56.98634570128737%

[1, 1, 0, 1, 1, 1, 0, 1, 1, 0, 1]
Total Accuracy: 54.15955947849106%

[1, 1, 1, 1, 0, 1, 0, 1, 1, 0, 0]
Total Accuracy: 50.462231380294654%

[0, 1, 1, 1, 1, 1, 1, 1, 1, 0, 0]
Total Accuracy: 50.91451930371312%

[1, 0, 1, 0, 1, 1, 1, 1, 0, 1, 1]
Total Accuracy: 56.4534594504701%

[1, 0, 1, 1, 1, 1, 0, 1, 1, 0, 0]
Total Accuracy: 49.409599801347284%

[1, 0, 1, 1, 0, 0, 1, 1, 0, 0, 1]
Total Accuracy: 54.54426880081648%

[1, 1, 1, 1, 1, 1, 0, 0, 1, 1, 0]
Total Accuracy: 50.281025476299504%

[1, 0, 1, 1, 1, 0, 1, 0, 0, 1, 1]
Total Accuracy: 57.187669748973136%

gBestValue + gBestPos : 
60.80661249279543 [0, 1, 1, 1, 1, 1, 1, 1, 1, 0, 0]
Iteration 5 --------------
[0, 1, 1, 1, 0, 0, 1, 0, 1, 0, 1]
Total Accuracy: 54.74304772449237%

[1, 0, 1, 0, 1, 1, 1, 1, 1, 1, 1]
Total Accuracy: 56.13416109094968%

[1, 0, 1, 0, 1, 1, 1, 0, 1, 1, 1]
Total Accuracy: 55.41221406652587%

[1, 1, 0, 1, 1, 1, 1, 1, 1, 0, 1]
Total Accuracy: 55.94163129873768%

[1, 1, 1, 1, 0, 0, 1, 0, 1, 1, 1]
Total Accuracy: 56.661789765284524%

[0, 0, 1, 0, 0, 1, 1, 1, 0, 1, 1]
Total Accuracy: 56.59243399695187%

[1, 1, 1, 0, 1, 1, 1, 1, 0, 1, 1]
Total Accuracy: 56.983759912702155%

[1, 1, 1, 1, 1, 1, 1, 0, 0, 1, 1]
Total Accuracy: 55.013544151249434%

[1, 1, 1, 1, 1, 1, 1, 1, 1, 1, 1]
Total Accuracy: 56.456578320883374%

[0, 0, 0, 1, 0, 1, 0, 0, 0, 1, 1]
Total Accuracy: 57.049973459814964%

[1, 1, 0, 1, 0, 1, 1, 1, 0, 0, 1]
Total Accuracy: 55.61092988607085%

[0, 0, 1, 0, 0, 1, 0, 0, 1, 1, 0]
Total Accuracy: 47.95914155600662%

[1, 1, 0, 1, 1, 0, 1, 1, 1, 0, 1]
Total Accuracy: 55.6666346589757%

[1, 1, 1, 1, 1, 1, 1, 1, 1, 1, 1]
Total Accuracy: 56.456578320883374%

[0, 1, 1, 0, 1, 0, 1, 1, 0, 1, 1]
Total Accuracy: 57.58242390484717%

gBestValue + gBestPos : 
60.80661249279543 [0, 0, 0, 1, 0, 1, 0, 0, 0, 1, 1]
Iteration 6 --------------
[1, 1, 1, 0, 1, 0, 1, 1, 0, 1, 1]
Total Accuracy: 57.04868369794764%

[0, 0, 0, 1, 1, 1, 1, 1, 1, 0, 0]
Total Accuracy: 46.97446697512512%

[1, 0, 0, 0, 1, 1, 1, 1, 1, 0, 1]
Total Accuracy: 55.5398656360418%

[1, 1, 0, 1, 1, 1, 0, 0, 1, 1, 1]
Total Accuracy: 55.34687748458278%

[1, 1, 1, 1, 0, 1, 0, 0, 1, 0, 1]
Total Accuracy: 53.89461849338318%

[1, 1, 1, 0, 1, 0, 1, 1, 1, 1, 1]
Total Accuracy: 57.58116865661101%

[1, 0, 0, 0, 1, 1, 0, 1, 1, 1, 1]
Total Accuracy: 55.80601630683643%

[1, 1, 1, 1, 0, 0, 0, 0, 1, 0, 1]
Total Accuracy: 55.80517909499109%

[0, 1, 0, 0, 1, 1, 1, 1, 0, 0, 1]
Total Accuracy: 53.3701435448119%

[0, 0, 1, 0, 1, 1, 1, 0, 0, 1, 0]
Total Accuracy: 50.6017170246744%

[0, 0, 1, 1, 1, 0, 0, 1, 0, 0, 1]
Total Accuracy: 54.88896520615915%

[1, 0, 1, 0, 0, 0, 1, 1, 1, 0, 1]
Total Accuracy: 53.82150244784797%

[0, 1, 1, 0, 1, 1, 1, 0, 1, 1, 1]
Total Accuracy: 55.47973514490029%

[1, 1, 1, 1, 0, 1, 1, 0, 1, 1, 1]
Total Accuracy: 55.53460270595981%

[1, 1, 1, 0, 1, 0, 1, 1, 0, 1, 1]
Total Accuracy: 57.04868369794764%

gBestValue + gBestPos : 
60.80661249279543 [0, 0, 1, 0, 1, 1, 1, 0, 0, 1, 0]
Iteration 7 --------------
[1, 1, 1, 0, 1, 1, 1, 1, 1, 1, 1]
Total Accuracy: 56.45656123492735%

[1, 0, 0, 1, 1, 1, 0, 0, 1, 1, 1]
Total Accuracy: 56.588145763708056%

[1, 1, 0, 1, 0, 0, 1, 1, 1, 1, 1]
Total Accuracy: 56.72361746139144%

[1, 1, 0, 1, 1, 1, 0, 1, 1, 1, 1]
Total Accuracy: 55.94201539102919%

[1, 1, 0, 1, 1, 1, 0, 1, 0, 0, 1]
Total Accuracy: 54.95732349637891%

[1, 1, 1, 0, 0, 1, 0, 1, 1, 1, 1]
Total Accuracy: 56.32322220627534%

[1, 1, 0, 1, 1, 1, 1, 1, 1, 1, 1]
Total Accuracy: 55.80742658164695%

[1, 1, 1, 1, 1, 0, 0, 1, 1, 1, 1]
Total Accuracy: 58.23378838929553%

[1, 1, 1, 1, 1, 1, 1, 1, 1, 1, 1]
Total Accuracy: 56.456578320883374%

[1, 1, 1, 1, 0, 0, 1, 0, 1, 0, 0]
Total Accuracy: 52.831976936237496%

[1, 0, 0, 1, 1, 1, 1, 0, 0, 1, 1]
Total Accuracy: 57.57323348300631%

[1, 1, 0, 1, 0, 0, 1, 1, 1, 1, 1]
Total Accuracy: 56.72361746139144%

[1, 0, 1, 1, 1, 1, 0, 1, 0, 1, 1]
Total Accuracy: 57.31922010584181%

[0, 1, 1, 0, 1, 0, 0, 1, 1, 1, 1]
Total Accuracy: 56.79558760880906%

[1, 0, 1, 0, 0, 1, 1, 1, 1, 0, 1]
Total Accuracy: 55.60653833974626%

gBestValue + gBestPos : 
60.80661249279543 [1, 1, 1, 1, 0, 0, 1, 0, 1, 0, 0]
Iteration 8 --------------
[1, 1, 0, 1, 1, 1, 1, 1, 0, 1, 1]
Total Accuracy: 56.072345013292875%

[0, 1, 0, 0, 1, 0, 1, 1, 1, 0, 1]
Total Accuracy: 55.010540326273414%

[1, 1, 1, 0, 1, 1, 0, 1, 0, 1, 1]
Total Accuracy: 56.722339204067815%

[1, 1, 1, 0, 0, 1, 0, 0, 0, 1, 1]
Total Accuracy: 56.26352695138704%

[1, 0, 1, 1, 1, 1, 1, 1, 1, 1, 1]
Total Accuracy: 55.804279120733916%

[1, 1, 1, 1, 1, 1, 1, 1, 1, 1, 1]
Total Accuracy: 56.456578320883374%

[1, 0, 0, 0, 1, 0, 1, 1, 0, 1, 1]
Total Accuracy: 58.445513114040786%

[1, 0, 1, 1, 1, 1, 0, 0, 1, 1, 1]
Total Accuracy: 56.26264987231095%

[1, 1, 1, 1, 1, 1, 1, 1, 1, 0, 0]
Total Accuracy: 51.57944286114586%

[0, 1, 0, 1, 1, 0, 1, 1, 1, 1, 0]
Total Accuracy: 54.285078492881986%

[1, 1, 1, 1, 1, 1, 0, 1, 0, 0, 1]
Total Accuracy: 56.79119002544669%

[1, 1, 1, 0, 1, 1, 1, 1, 1, 1, 1]
Total Accuracy: 56.45656123492735%

[0, 0, 0, 0, 1, 0, 1, 1, 1, 0, 1]
Total Accuracy: 53.16399146157825%

[0, 1, 0, 0, 1, 1, 1, 1, 1, 0, 1]
Total Accuracy: 55.088094164120854%

[1, 0, 1, 0, 1, 1, 0, 1, 0, 1, 1]
Total Accuracy: 57.713091259508325%

gBestValue + gBestPos : 
60.80661249279543 [0, 1, 0, 1, 1, 0, 1, 1, 1, 1, 0]
Iteration 9 --------------
[1, 1, 1, 1, 1, 1, 0, 0, 1, 1, 1]
Total Accuracy: 56.067477338327%

[1, 1, 1, 0, 1, 1, 1, 1, 1, 0, 1]
Total Accuracy: 56.19296172518036%

[1, 0, 1, 0, 1, 0, 1, 0, 0, 0, 1]
Total Accuracy: 55.60521941784731%

[1, 1, 0, 1, 1, 1, 1, 0, 0, 1, 1]
Total Accuracy: 56.5289325605925%

[1, 1, 1, 1, 1, 1, 0, 1, 1, 0, 1]
Total Accuracy: 55.080205122597434%

[1, 0, 0, 1, 1, 0, 0, 1, 0, 1, 0]
Total Accuracy: 55.2662277854095%

[1, 1, 1, 1, 0, 1, 0, 1, 0, 1, 1]
Total Accuracy: 57.31096986720795%

[1, 0, 1, 1, 1, 1, 1, 1, 0, 1, 0]
Total Accuracy: 52.24299623881154%

[1, 1, 0, 1, 0, 1, 1, 1, 1, 0, 1]
Total Accuracy: 55.34511728939282%

[1, 1, 1, 1, 1, 1, 1, 1, 0, 1, 1]
Total Accuracy: 56.39256624225152%

[1, 1, 0, 1, 1, 1, 1, 0, 0, 0, 1]
Total Accuracy: 54.80923313673094%

[1, 0, 0, 1, 1, 1, 0, 1, 1, 1, 1]
Total Accuracy: 56.19643028816034%

[1, 1, 1, 1, 1, 1, 0, 1, 1, 1, 1]
Total Accuracy: 57.77456368163625%

[0, 1, 1, 1, 1, 1, 1, 1, 1, 1, 1]
Total Accuracy: 55.99641878361662%

[1, 1, 1, 1, 0, 1, 0, 1, 1, 1, 1]
Total Accuracy: 58.164043061165444%

gBestValue + gBestPos : 
60.80661249279543 [1, 1, 1, 1, 1, 1, 1, 1, 0, 1, 1]
Iteration 10 --------------
[1, 1, 1, 1, 1, 1, 1, 1, 1, 1, 1]
Total Accuracy: 56.456578320883374%

[0, 1, 1, 0, 1, 1, 1, 1, 1, 0, 0]
Total Accuracy: 51.443019247898995%

[1, 1, 1, 1, 1, 0, 1, 0, 1, 1, 0]
Total Accuracy: 52.05086261296665%

[1, 1, 1, 1, 0, 0, 1, 1, 1, 0, 1]
Total Accuracy: 56.455741222944404%

[1, 1, 0, 0, 1, 1, 1, 1, 0, 0, 1]
Total Accuracy: 56.46971332043913%

[1, 0, 1, 1, 0, 1, 1, 1, 1, 1, 1]
Total Accuracy: 56.99594857810674%

[1, 1, 0, 1, 1, 1, 0, 1, 0, 0, 1]
Total Accuracy: 54.95732349637891%

[1, 1, 1, 1, 0, 1, 1, 0, 1, 1, 0]
Total Accuracy: 51.85561512858891%

[0, 1, 1, 1, 0, 1, 1, 1, 1, 0, 1]
Total Accuracy: 54.6179646297929%

[0, 1, 1, 1, 1, 1, 1, 1, 1, 1, 1]
Total Accuracy: 55.99641878361662%

[1, 1, 0, 1, 0, 1, 1, 1, 1, 1, 1]
Total Accuracy: 56.067987297161224%

[0, 1, 1, 0, 0, 0, 1, 1, 1, 1, 0]
Total Accuracy: 54.01799333419901%

[1, 0, 1, 1, 1, 1, 0, 1, 1, 1, 1]
Total Accuracy: 56.003012254047654%

[0, 0, 1, 0, 1, 1, 1, 1, 0, 1, 1]
Total Accuracy: 55.93412065418708%

[1, 0, 1, 1, 1, 0, 1, 1, 1, 1, 1]
Total Accuracy: 56.00043819781892%

gBestValue + gBestPos : 
60.80661249279543 [0, 1, 1, 1, 1, 1, 1, 1, 1, 1, 1]
Iteration 11 --------------
[0, 1, 0, 0, 1, 0, 1, 0, 1, 0, 1]
Total Accuracy: 55.733347343817286%

[0, 0, 1, 1, 1, 1, 1, 1, 0, 1, 1]
Total Accuracy: 55.66701282813578%

[1, 1, 1, 1, 1, 0, 0, 0, 0, 1, 0]
Total Accuracy: 51.447365459486925%

[1, 1, 1, 1, 0, 0, 1, 1, 1, 1, 0]
Total Accuracy: 56.589487352975354%

[0, 1, 1, 0, 1, 1, 0, 1, 0, 0, 1]
Total Accuracy: 55.15042099795653%

[1, 1, 1, 0, 1, 1, 1, 0, 1, 1, 1]
Total Accuracy: 56.06528156516471%

[1, 0, 0, 1, 1, 1, 1, 0, 0, 1, 0]
Total Accuracy: 50.33505013019498%

[0, 1, 0, 1, 1, 0, 1, 0, 1, 1, 1]
Total Accuracy: 57.45133236285104%

[1, 1, 0, 0, 1, 0, 1, 0, 0, 0, 1]
Total Accuracy: 56.063590625049834%

[1, 0, 1, 1, 1, 1, 1, 1, 1, 1, 0]
Total Accuracy: 54.02147932485415%

[1, 1, 1, 1, 1, 0, 1, 0, 1, 1, 1]
Total Accuracy: 56.595111707980514%

[1, 1, 0, 1, 0, 1, 1, 1, 1, 0, 0]
Total Accuracy: 52.310522784691884%

[1, 0, 0, 1, 0, 1, 1, 1, 1, 1, 0]
Total Accuracy: 52.50255355308151%

[1, 0, 1, 1, 0, 1, 0, 1, 1, 0, 1]
Total Accuracy: 54.29206756014827%

[0, 0, 1, 0, 0, 1, 0, 1, 1, 0, 1]
Total Accuracy: 51.79032479263344%

gBestValue + gBestPos : 
60.80661249279543 [1, 0, 1, 1, 1, 1, 1, 1, 1, 1, 0]
Iteration 12 --------------
[0, 1, 0, 1, 1, 0, 1, 0, 1, 0, 1]
Total Accuracy: 56.26142298676181%

[1, 1, 0, 1, 1, 1, 1, 1, 1, 1, 0]
Total Accuracy: 52.968858908731384%

[1, 0, 1, 1, 0, 1, 0, 0, 1, 1, 1]
Total Accuracy: 56.45827541194238%

[1, 1, 1, 1, 1, 1, 0, 1, 1, 0, 1]
Total Accuracy: 55.080205122597434%

[1, 0, 0, 1, 1, 1, 1, 0, 1, 1, 1]
Total Accuracy: 57.117511510239055%

[1, 1, 1, 1, 0, 1, 1, 0, 0, 0, 1]
Total Accuracy: 55.20435942472725%

[1, 1, 0, 1, 1, 0, 1, 0, 1, 0, 1]
Total Accuracy: 54.54295614376806%

[1, 1, 0, 1, 0, 1, 1, 0, 0, 0, 0]
Total Accuracy: 49.60315030857237%

[1, 1, 1, 1, 1, 0, 1, 0, 1, 1, 1]
Total Accuracy: 56.595111707980514%

[1, 1, 1, 1, 1, 0, 1, 0, 0, 0, 0]
Total Accuracy: 47.35699749633791%

[1, 1, 0, 1, 1, 1, 1, 0, 0, 0, 1]
Total Accuracy: 54.80923313673094%

[1, 0, 0, 0, 1, 1, 1, 0, 0, 1, 1]
Total Accuracy: 57.785880849377044%

[1, 1, 1, 1, 0, 1, 1, 1, 1, 1, 1]
Total Accuracy: 56.33152381668365%

[0, 1, 0, 1, 1, 0, 1, 0, 1, 0, 1]
Total Accuracy: 56.26142298676181%

[0, 0, 0, 1, 1, 0, 0, 1, 1, 1, 1]
Total Accuracy: 55.13899482181627%

gBestValue + gBestPos : 
60.80661249279543 [1, 1, 1, 1, 1, 0, 1, 0, 0, 0, 0]
Iteration 13 --------------
[1, 0, 1, 1, 0, 0, 0, 0, 1, 0, 1]
Total Accuracy: 54.16222033137642%

[0, 0, 1, 0, 1, 1, 1, 1, 0, 1, 1]
Total Accuracy: 55.93412065418708%

[1, 1, 1, 0, 0, 0, 0, 0, 0, 1, 1]
Total Accuracy: 56.78730319826316%

[1, 1, 0, 1, 1, 1, 0, 1, 1, 1, 1]
Total Accuracy: 55.94201539102919%

[1, 1, 1, 1, 1, 0, 1, 0, 1, 1, 0]
Total Accuracy: 52.05086261296665%

[0, 1, 1, 0, 1, 1, 1, 1, 1, 1, 1]
Total Accuracy: 55.99644760192912%

[1, 1, 1, 1, 1, 1, 0, 1, 1, 1, 1]
Total Accuracy: 57.77456368163625%

[1, 1, 0, 0, 0, 0, 1, 0, 1, 1, 1]
Total Accuracy: 54.81087817257727%

[1, 1, 1, 1, 0, 1, 0, 1, 1, 1, 0]
Total Accuracy: 54.41750570101399%

[1, 0, 0, 0, 1, 1, 1, 1, 1, 0, 1]
Total Accuracy: 55.5398656360418%

[1, 1, 1, 0, 1, 1, 1, 1, 1, 1, 1]
Total Accuracy: 56.45656123492735%

[1, 1, 1, 1, 0, 1, 1, 1, 1, 1, 1]
Total Accuracy: 56.33152381668365%

[1, 1, 1, 0, 1, 1, 0, 1, 1, 0, 1]
Total Accuracy: 54.94948616834906%

[0, 1, 1, 1, 0, 1, 1, 0, 1, 1, 1]
Total Accuracy: 55.93814006838939%

[1, 0, 1, 1, 0, 1, 1, 1, 0, 1, 1]
Total Accuracy: 56.46043655756715%

gBestValue + gBestPos : 
60.80661249279543 [1, 0, 0, 0, 1, 1, 1, 1, 1, 0, 1]
Iteration 14 --------------
[1, 0, 1, 0, 1, 1, 1, 0, 1, 1, 1]
Total Accuracy: 55.41221406652587%

[1, 1, 1, 1, 1, 1, 0, 0, 1, 1, 0]
Total Accuracy: 50.281025476299504%

[1, 1, 1, 0, 0, 0, 0, 0, 1, 1, 1]
Total Accuracy: 57.51354392343669%

[1, 1, 1, 1, 0, 1, 0, 1, 1, 0, 1]
Total Accuracy: 54.752553439175145%

[1, 1, 1, 1, 0, 1, 0, 0, 0, 1, 1]
Total Accuracy: 55.73023952232222%

[1, 1, 1, 0, 1, 1, 0, 0, 1, 1, 1]
Total Accuracy: 56.260431317873966%

[1, 1, 1, 0, 1, 0, 0, 1, 1, 0, 1]
Total Accuracy: 55.47232735780498%

[0, 1, 1, 1, 0, 0, 1, 1, 1, 1, 1]
Total Accuracy: 57.77542937007498%

[1, 1, 1, 0, 1, 1, 0, 0, 1, 1, 0]
Total Accuracy: 50.33939030474511%

[1, 1, 0, 0, 1, 0, 1, 1, 1, 1, 0]
Total Accuracy: 53.43238392371006%

[1, 1, 1, 0, 1, 1, 1, 1, 1, 1, 1]
Total Accuracy: 56.45656123492735%

[0, 1, 1, 1, 0, 1, 0, 1, 0, 0, 1]
Total Accuracy: 56.067110331991515%

[1, 0, 1, 1, 0, 0, 1, 0, 0, 1, 1]
Total Accuracy: 56.00474340311238%

[0, 0, 1, 1, 1, 0, 1, 1, 1, 1, 1]
Total Accuracy: 57.7140428333527%

[1, 1, 0, 1, 0, 1, 1, 1, 0, 1, 1]
Total Accuracy: 56.791236157527955%

gBestValue + gBestPos : 
60.80661249279543 [1, 1, 0, 0, 1, 0, 1, 1, 1, 1, 0]
print history : 
0 60.80661249279543
1 60.80661249279543
2 60.80661249279543
3 60.80661249279543
4 60.80661249279543
5 60.80661249279543
6 60.80661249279543
7 60.80661249279543
8 60.80661249279543
9 60.80661249279543
10 60.80661249279543
11 60.80661249279543
12 60.80661249279543
13 60.80661249279543
Program execution time : 1801.8392486572266 s
