[0, 0, 0, 1, 0, 0, 0, 0, 1, 0, 0]
Total Accuracy: 41.36361978508145%

[0, 1, 0, 1, 1, 0, 0, 1, 1, 0, 0]
Total Accuracy: 49.018830659950744%

[1, 0, 0, 0, 1, 1, 1, 1, 0, 1, 1]
Total Accuracy: 56.789814036454594%

[1, 0, 1, 1, 1, 0, 0, 0, 0, 1, 1]
Total Accuracy: 55.86008151140089%

[1, 1, 0, 0, 0, 1, 1, 1, 0, 1, 1]
Total Accuracy: 57.39208464610429%

[0, 0, 1, 1, 0, 1, 1, 1, 0, 0, 0]
Total Accuracy: 49.79784705563415%

[0, 1, 0, 1, 0, 1, 1, 1, 0, 0, 0]
Total Accuracy: 51.70840196192337%

[1, 1, 1, 0, 0, 1, 1, 1, 0, 0, 0]
Total Accuracy: 50.85352859163881%

[0, 1, 0, 1, 1, 0, 0, 0, 0, 0, 1]
Total Accuracy: 54.687681595235986%

[0, 0, 0, 1, 0, 0, 0, 1, 1, 1, 0]
Total Accuracy: 49.67053356023482%

Iteration 1 --------------
[0, 0, 0, 1, 0, 0, 0, 0, 1, 0, 0]
Total Accuracy: 41.36361978508145%

[0, 1, 0, 1, 1, 0, 0, 1, 1, 0, 0]
Total Accuracy: 49.018830659950744%

[1, 0, 0, 0, 1, 1, 1, 1, 0, 1, 1]
Total Accuracy: 56.789814036454594%

[1, 0, 1, 1, 1, 0, 0, 0, 0, 1, 1]
Total Accuracy: 55.86008151140089%

[1, 1, 0, 0, 0, 1, 1, 1, 0, 1, 1]
Total Accuracy: 57.39208464610429%

[0, 0, 1, 1, 0, 1, 1, 1, 0, 0, 0]
Total Accuracy: 49.79784705563415%

[0, 1, 0, 1, 0, 1, 1, 1, 0, 0, 0]
Total Accuracy: 51.70840196192337%

[1, 1, 1, 0, 0, 1, 1, 1, 0, 0, 0]
Total Accuracy: 50.85352859163881%

[0, 1, 0, 1, 1, 0, 0, 0, 0, 0, 1]
Total Accuracy: 54.687681595235986%

[0, 0, 0, 1, 0, 0, 0, 1, 1, 1, 0]
Total Accuracy: 49.67053356023482%

gBestValue + gBestPos : 
57.39208464610429 [1, 1, 0, 0, 0, 1, 1, 1, 0, 1, 1]
Iteration 2 --------------
[0, 1, 1, 1, 0, 1, 0, 1, 1, 0, 0]
Total Accuracy: 46.250420997956525%

[1, 1, 1, 0, 1, 0, 0, 1, 1, 1, 1]
Total Accuracy: 56.52150780144753%

[1, 1, 1, 1, 1, 1, 1, 1, 0, 1, 0]
Total Accuracy: 53.88334722991091%

[1, 0, 1, 1, 1, 0, 1, 1, 1, 0, 1]
Total Accuracy: 52.438140524014884%

[1, 1, 1, 1, 1, 1, 0, 1, 1, 0, 0]
Total Accuracy: 49.145582255209504%

[1, 0, 1, 1, 1, 1, 0, 0, 1, 1, 1]
Total Accuracy: 55.540324678727075%

[1, 1, 1, 1, 1, 1, 1, 1, 1, 0, 1]
Total Accuracy: 54.15481254428111%

[0, 0, 1, 1, 1, 0, 1, 1, 0, 0, 1]
Total Accuracy: 54.49334547575275%

[0, 0, 0, 0, 1, 0, 1, 1, 1, 0, 1]
Total Accuracy: 52.43503862565126%

[1, 1, 1, 1, 1, 0, 1, 1, 1, 0, 1]
Total Accuracy: 54.87542959788772%

gBestValue + gBestPos : 
57.39208464610429 [1, 1, 1, 1, 1, 1, 0, 1, 1, 0, 0]
Iteration 3 --------------
[1, 1, 1, 1, 1, 0, 1, 1, 1, 1, 1]
Total Accuracy: 56.84699868096419%

[0, 1, 1, 1, 1, 0, 1, 1, 1, 0, 0]
Total Accuracy: 51.249171331132665%

[0, 0, 1, 1, 1, 1, 0, 1, 1, 1, 0]
Total Accuracy: 51.194710757545735%

[1, 1, 1, 1, 1, 0, 1, 1, 0, 1, 0]
Total Accuracy: 53.76096451360839%

[0, 1, 1, 0, 1, 1, 1, 1, 1, 1, 1]
Total Accuracy: 54.48588096328342%

[0, 0, 1, 1, 1, 1, 1, 0, 0, 0, 1]
Total Accuracy: 51.78764115847339%

[0, 0, 1, 1, 1, 1, 0, 1, 0, 0, 1]
Total Accuracy: 53.63504409315719%

[0, 0, 1, 1, 1, 1, 1, 1, 1, 1, 0]
Total Accuracy: 55.01138266390558%

[1, 1, 1, 0, 0, 0, 0, 1, 0, 0, 1]
Total Accuracy: 53.75872260836483%

[0, 0, 1, 1, 1, 1, 0, 0, 1, 1, 0]
Total Accuracy: 48.81748918458983%

gBestValue + gBestPos : 
57.39208464610429 [0, 1, 1, 0, 1, 1, 1, 1, 1, 1, 1]
Iteration 4 --------------
[1, 0, 1, 1, 1, 0, 1, 1, 0, 0, 1]
Total Accuracy: 53.959158300243544%

[0, 1, 0, 1, 1, 0, 0, 1, 1, 0, 1]
Total Accuracy: 54.42631818150753%

[1, 1, 1, 1, 0, 1, 1, 0, 0, 0, 0]
Total Accuracy: 48.48331875331752%

[1, 0, 1, 1, 0, 1, 0, 1, 1, 1, 1]
Total Accuracy: 55.07801527256656%

[0, 1, 1, 0, 1, 1, 1, 1, 0, 1, 1]
Total Accuracy: 55.206148666042466%

[1, 1, 0, 1, 1, 1, 1, 0, 0, 0, 1]
Total Accuracy: 53.62631840932028%

[1, 1, 1, 0, 1, 1, 1, 0, 0, 1, 0]
Total Accuracy: 49.93982007349239%

[0, 1, 1, 1, 1, 0, 1, 1, 1, 0, 1]
Total Accuracy: 54.2262778586513%

[0, 0, 1, 1, 0, 0, 0, 1, 1, 0, 1]
Total Accuracy: 53.16794207633094%

[1, 0, 1, 1, 1, 1, 0, 1, 1, 1, 1]
Total Accuracy: 55.67272921949075%

gBestValue + gBestPos : 
57.39208464610429 [0, 1, 1, 0, 1, 1, 1, 1, 0, 1, 1]
Iteration 5 --------------
[0, 1, 1, 1, 0, 1, 0, 1, 1, 0, 0]
Total Accuracy: 46.250420997956525%

[1, 0, 0, 1, 1, 1, 0, 0, 1, 1, 1]
Total Accuracy: 55.20782844333272%

[1, 1, 1, 1, 0, 1, 0, 0, 1, 1, 0]
Total Accuracy: 48.359588752429055%

[1, 1, 1, 1, 1, 1, 1, 0, 0, 1, 1]
Total Accuracy: 55.60130354453854%

[1, 1, 1, 1, 0, 0, 1, 0, 1, 1, 0]
Total Accuracy: 51.847823932640324%

[1, 1, 0, 0, 1, 1, 1, 0, 1, 1, 1]
Total Accuracy: 54.953046881585216%

[1, 1, 1, 1, 1, 0, 0, 1, 1, 1, 0]
Total Accuracy: 53.03767578601094%

[0, 0, 1, 1, 1, 1, 0, 0, 1, 1, 0]
Total Accuracy: 48.81748918458983%

[1, 1, 0, 1, 0, 0, 1, 1, 1, 0, 1]
Total Accuracy: 52.57532070339463%

[0, 1, 0, 0, 0, 1, 0, 0, 1, 1, 1]
Total Accuracy: 54.8797927815253%

gBestValue + gBestPos : 
57.39208464610429 [1, 1, 1, 1, 0, 0, 1, 0, 1, 1, 0]
Iteration 6 --------------
[1, 1, 0, 1, 1, 1, 1, 0, 1, 1, 0]
Total Accuracy: 51.189974872254%

[0, 0, 1, 1, 1, 1, 1, 1, 0, 1, 1]
Total Accuracy: 55.73940682116927%

[0, 0, 0, 0, 1, 1, 0, 0, 1, 1, 1]
Total Accuracy: 55.26795369478104%

[1, 0, 1, 1, 1, 1, 1, 1, 1, 1, 0]
Total Accuracy: 52.836339778155946%

[1, 1, 1, 0, 0, 1, 1, 1, 0, 0, 1]
Total Accuracy: 55.471903170469986%

[1, 1, 1, 1, 1, 1, 0, 1, 1, 1, 1]
Total Accuracy: 56.124999601327694%

[1, 1, 1, 1, 1, 1, 1, 1, 1, 1, 0]
Total Accuracy: 51.83774469936691%

[1, 1, 1, 1, 1, 1, 1, 1, 1, 0, 0]
Total Accuracy: 50.723709839460355%

[1, 0, 1, 0, 0, 1, 0, 0, 0, 0, 1]
Total Accuracy: 54.99648245727941%

[1, 0, 1, 1, 0, 0, 1, 1, 1, 1, 1]
Total Accuracy: 53.891190367165805%

gBestValue + gBestPos : 
57.39208464610429 [1, 1, 1, 0, 0, 1, 1, 1, 0, 0, 1]
Iteration 7 --------------
[1, 1, 1, 1, 1, 1, 1, 1, 1, 1, 0]
Total Accuracy: 51.83774469936691%

[0, 0, 1, 0, 1, 0, 1, 1, 1, 1, 1]
Total Accuracy: 55.67235070861155%

[1, 0, 1, 1, 1, 1, 1, 1, 1, 1, 0]
Total Accuracy: 52.836339778155946%

[0, 0, 1, 1, 1, 1, 1, 1, 1, 1, 1]
Total Accuracy: 55.14769145952793%

[1, 1, 1, 0, 0, 1, 1, 1, 0, 1, 0]
Total Accuracy: 52.302628389568916%

[1, 1, 1, 0, 1, 1, 1, 1, 1, 1, 1]
Total Accuracy: 57.38330713486742%

[1, 1, 1, 1, 1, 1, 1, 1, 0, 1, 1]
Total Accuracy: 55.475864948047295%

[0, 1, 1, 1, 1, 0, 0, 1, 1, 1, 0]
Total Accuracy: 54.80837302970451%

[1, 1, 1, 0, 0, 1, 0, 1, 1, 0, 1]
Total Accuracy: 53.89512321252423%

[1, 0, 0, 0, 1, 1, 1, 1, 1, 1, 1]
Total Accuracy: 55.86662304052561%

gBestValue + gBestPos : 
57.39208464610429 [1, 1, 1, 0, 0, 1, 1, 1, 0, 1, 0]
Iteration 8 --------------
[0, 1, 1, 0, 0, 0, 0, 1, 0, 0, 1]
Total Accuracy: 52.90961688730331%

[1, 1, 0, 1, 0, 1, 1, 0, 1, 0, 1]
Total Accuracy: 52.978416564720455%

[0, 0, 1, 1, 1, 1, 0, 0, 1, 1, 1]
Total Accuracy: 55.14683750344566%

[1, 1, 1, 1, 0, 1, 1, 1, 1, 1, 1]
Total Accuracy: 55.33686181106577%

[1, 1, 1, 1, 1, 0, 1, 0, 1, 0, 0]
Total Accuracy: 50.46273609943571%

[0, 0, 0, 0, 1, 1, 1, 0, 1, 1, 1]
Total Accuracy: 56.97984426720613%

[1, 0, 0, 1, 1, 0, 1, 1, 1, 1, 1]
Total Accuracy: 52.89907963650197%

[0, 1, 1, 1, 1, 1, 1, 1, 1, 1, 1]
Total Accuracy: 54.55040926560006%

[0, 1, 1, 0, 1, 0, 1, 1, 1, 0, 1]
Total Accuracy: 55.54559922725916%

[1, 0, 0, 0, 1, 1, 1, 1, 1, 1, 0]
Total Accuracy: 51.90654414897132%

gBestValue + gBestPos : 
57.39208464610429 [1, 1, 1, 1, 1, 0, 1, 0, 1, 0, 0]
Iteration 9 --------------
[1, 1, 1, 1, 1, 1, 1, 1, 1, 1, 1]
Total Accuracy: 55.33947049483207%

[0, 0, 0, 0, 1, 1, 1, 1, 1, 0, 1]
Total Accuracy: 53.03241855124762%

[1, 1, 0, 1, 0, 1, 1, 0, 1, 1, 1]
Total Accuracy: 55.67671343662363%

[0, 1, 1, 1, 1, 1, 1, 1, 1, 0, 1]
Total Accuracy: 54.09163141264406%

[1, 1, 0, 1, 1, 1, 1, 1, 1, 1, 0]
Total Accuracy: 51.72105490970641%

[0, 1, 0, 1, 1, 1, 0, 0, 0, 0, 1]
Total Accuracy: 54.226668215793346%

[1, 1, 1, 1, 1, 1, 1, 0, 1, 1, 1]
Total Accuracy: 54.753012254047654%

[1, 1, 1, 1, 1, 1, 0, 1, 1, 0, 1]
Total Accuracy: 55.07714947022147%

[0, 1, 1, 1, 1, 1, 0, 0, 1, 0, 0]
Total Accuracy: 46.69786459721568%

[0, 0, 1, 1, 0, 1, 1, 1, 0, 1, 1]
Total Accuracy: 56.1367636237718%

gBestValue + gBestPos : 
57.39208464610429 [1, 1, 0, 1, 1, 1, 1, 1, 1, 1, 0]
Iteration 10 --------------
[0, 1, 1, 1, 0, 1, 0, 1, 0, 1, 1]
Total Accuracy: 57.11970170198904%

[1, 0, 1, 1, 1, 1, 1, 0, 0, 1, 1]
Total Accuracy: 56.519271591522624%

[1, 1, 0, 1, 1, 1, 1, 0, 1, 1, 1]
Total Accuracy: 55.41530423253304%

[1, 0, 1, 1, 1, 0, 1, 1, 1, 1, 1]
Total Accuracy: 55.01271320425464%

[1, 0, 1, 1, 0, 1, 1, 1, 0, 1, 0]
Total Accuracy: 52.84037593659516%

[1, 0, 0, 1, 1, 1, 0, 1, 1, 1, 1]
Total Accuracy: 55.8652755281269%

[1, 1, 1, 1, 1, 1, 1, 0, 1, 0, 1]
Total Accuracy: 54.02190909360142%

[1, 1, 0, 1, 0, 1, 0, 0, 1, 0, 1]
Total Accuracy: 52.97928213925282%

[1, 0, 1, 1, 1, 1, 1, 0, 1, 1, 1]
Total Accuracy: 55.087612454067255%

[1, 0, 1, 1, 0, 1, 1, 0, 1, 1, 0]
Total Accuracy: 50.80308686272232%

gBestValue + gBestPos : 
57.39208464610429 [1, 0, 1, 1, 0, 1, 1, 1, 0, 1, 0]
Iteration 11 --------------
[0, 1, 1, 1, 1, 1, 1, 0, 1, 0, 1]
Total Accuracy: 52.96837731258415%

[1, 1, 1, 0, 1, 1, 1, 1, 1, 1, 0]
Total Accuracy: 51.709622924341105%

[0, 1, 0, 0, 1, 0, 1, 0, 1, 1, 1]
Total Accuracy: 56.79164929594471%

[0, 0, 0, 1, 0, 1, 0, 1, 1, 1, 1]
Total Accuracy: 55.79952034026112%

[1, 1, 1, 0, 1, 1, 1, 0, 1, 0, 0]
Total Accuracy: 50.067970552924315%

[1, 1, 0, 1, 1, 1, 0, 0, 0, 0, 1]
Total Accuracy: 54.10164196037425%

[0, 1, 0, 1, 1, 1, 1, 0, 1, 0, 0]
Total Accuracy: 47.7623640812198%

[0, 1, 0, 1, 1, 1, 1, 1, 1, 0, 1]
Total Accuracy: 53.038529855999556%

[1, 1, 1, 0, 1, 1, 0, 1, 1, 0, 1]
Total Accuracy: 53.895100431249524%

[1, 1, 1, 0, 1, 1, 0, 1, 1, 1, 1]
Total Accuracy: 55.60040960731917%

gBestValue + gBestPos : 
57.39208464610429 [1, 1, 1, 0, 1, 1, 1, 0, 1, 0, 0]
Iteration 12 --------------
[1, 1, 0, 1, 0, 1, 1, 0, 0, 1, 1]
Total Accuracy: 57.450867852659826%

[1, 1, 0, 0, 1, 0, 1, 1, 1, 0, 1]
Total Accuracy: 52.84331756869125%

[1, 1, 0, 0, 1, 1, 1, 0, 1, 1, 0]
Total Accuracy: 50.33204015427479%

[0, 0, 1, 1, 1, 0, 0, 1, 0, 1, 1]
Total Accuracy: 57.25347072720107%

[1, 0, 1, 1, 1, 0, 0, 1, 0, 1, 0]
Total Accuracy: 54.80531168200986%

[0, 1, 1, 1, 1, 1, 0, 1, 1, 1, 1]
Total Accuracy: 54.41836011272174%

[0, 0, 1, 1, 0, 0, 1, 0, 1, 0, 1]
Total Accuracy: 51.52405907640157%

[0, 1, 1, 1, 1, 1, 1, 1, 1, 1, 1]
Total Accuracy: 54.55040926560006%

[1, 1, 1, 0, 1, 1, 0, 1, 1, 1, 1]
Total Accuracy: 55.60040960731917%

[1, 1, 1, 1, 0, 0, 1, 1, 1, 0, 1]
Total Accuracy: 54.80482974414351%

gBestValue + gBestPos : 
57.450867852659826 [1, 1, 0, 1, 0, 1, 1, 0, 0, 1, 1]
Iteration 13 --------------
[0, 1, 1, 1, 0, 1, 0, 0, 1, 0, 1]
Total Accuracy: 53.16839462635293%

[0, 1, 0, 1, 1, 1, 0, 1, 1, 1, 1]
Total Accuracy: 55.61658248985664%

[0, 1, 1, 1, 1, 1, 1, 0, 1, 1, 1]
Total Accuracy: 54.093305836334764%

[0, 0, 1, 0, 1, 0, 0, 1, 1, 0, 1]
Total Accuracy: 50.737165827176696%

[1, 0, 1, 0, 1, 1, 1, 1, 1, 0, 1]
Total Accuracy: 53.566153062828484%

[0, 0, 1, 1, 1, 1, 1, 1, 1, 1, 0]
Total Accuracy: 55.01138266390558%

[0, 1, 0, 1, 1, 1, 1, 1, 1, 0, 1]
Total Accuracy: 53.038529855999556%

[1, 1, 1, 0, 1, 1, 1, 1, 1, 0, 1]
Total Accuracy: 54.421851912601916%

[1, 1, 0, 0, 1, 0, 1, 1, 1, 1, 0]
Total Accuracy: 51.523193615775575%

[1, 1, 1, 1, 1, 0, 1, 1, 1, 1, 1]
Total Accuracy: 56.84699868096419%

gBestValue + gBestPos : 
57.450867852659826 [0, 1, 1, 1, 0, 1, 0, 0, 1, 0, 1]
Iteration 14 --------------
[1, 1, 1, 1, 0, 0, 1, 1, 0, 0, 0]
Total Accuracy: 51.179838685793825%

[1, 1, 1, 1, 1, 1, 0, 1, 1, 1, 1]
Total Accuracy: 56.124999601327694%

[1, 0, 1, 1, 1, 1, 1, 1, 1, 1, 1]
Total Accuracy: 54.61445027645077%

[1, 0, 1, 0, 1, 0, 1, 1, 1, 0, 0]
Total Accuracy: 49.007931642507124%

[0, 0, 1, 1, 0, 0, 1, 0, 1, 1, 1]
Total Accuracy: 55.21006396981937%

[0, 1, 1, 1, 1, 0, 1, 0, 1, 1, 1]
Total Accuracy: 55.66620443460293%

[1, 1, 0, 1, 1, 0, 1, 1, 1, 0, 0]
Total Accuracy: 50.265757693806%

[1, 1, 1, 0, 1, 1, 0, 1, 1, 1, 0]
Total Accuracy: 52.245146221611684%

[1, 0, 1, 0, 1, 0, 1, 1, 1, 0, 1]
Total Accuracy: 53.56142936551872%

[0, 0, 1, 1, 0, 0, 1, 1, 0, 1, 1]
Total Accuracy: 56.13419560458086%

gBestValue + gBestPos : 
57.450867852659826 [1, 1, 1, 1, 0, 0, 1, 1, 0, 0, 0]
print history : 
0 57.39208464610429
1 57.39208464610429
2 57.39208464610429
3 57.39208464610429
4 57.39208464610429
5 57.39208464610429
6 57.39208464610429
7 57.39208464610429
8 57.39208464610429
9 57.39208464610429
10 57.39208464610429
11 57.450867852659826
12 57.450867852659826
13 57.450867852659826
Program execution time : 1131.3245754241943 s
