[1, 0, 1, 0, 0, 1, 0, 0, 0, 0, 0]
Total Accuracy: 46.307450388079005%

[1, 0, 0, 1, 1, 1, 1, 1, 1, 0, 1]
Total Accuracy: 54.55210043352766%

[0, 1, 1, 1, 1, 1, 1, 0, 1, 0, 1]
Total Accuracy: 55.01314285909554%

[1, 1, 1, 1, 1, 1, 1, 1, 1, 0, 0]
Total Accuracy: 51.57944286114586%

[0, 0, 0, 1, 0, 0, 0, 0, 1, 0, 0]
Total Accuracy: 41.763602357406306%

[1, 1, 0, 0, 1, 1, 0, 0, 0, 1, 0]
Total Accuracy: 48.69205081591136%

[0, 0, 0, 1, 0, 1, 0, 1, 0, 0, 0]
Total Accuracy: 47.10733021685495%

[0, 0, 1, 1, 0, 1, 0, 1, 0, 0, 0]
Total Accuracy: 48.48384090013373%

[1, 0, 0, 0, 1, 1, 0, 1, 0, 0, 0]
Total Accuracy: 47.55787514494586%

[1, 1, 0, 1, 1, 1, 1, 1, 1, 0, 0]
Total Accuracy: 53.16800472483637%

Iteration 1 --------------
[1, 0, 1, 0, 0, 1, 0, 0, 0, 0, 0]
Total Accuracy: 46.307450388079005%

[1, 0, 0, 1, 1, 1, 1, 1, 1, 0, 1]
Total Accuracy: 54.55210043352766%

[0, 1, 1, 1, 1, 1, 1, 0, 1, 0, 1]
Total Accuracy: 55.01314285909554%

[1, 1, 1, 1, 1, 1, 1, 1, 1, 0, 0]
Total Accuracy: 51.57944286114586%

[0, 0, 0, 1, 0, 0, 0, 0, 1, 0, 0]
Total Accuracy: 41.763602357406306%

[1, 1, 0, 0, 1, 1, 0, 0, 0, 1, 0]
Total Accuracy: 48.69205081591136%

[0, 0, 0, 1, 0, 1, 0, 1, 0, 0, 0]
Total Accuracy: 47.10733021685495%

[0, 0, 1, 1, 0, 1, 0, 1, 0, 0, 0]
Total Accuracy: 48.48384090013373%

[1, 0, 0, 0, 1, 1, 0, 1, 0, 0, 0]
Total Accuracy: 47.55787514494586%

[1, 1, 0, 1, 1, 1, 1, 1, 1, 0, 0]
Total Accuracy: 53.16800472483637%

gBestValue + gBestPos : 
55.01314285909554 [0, 1, 1, 1, 1, 1, 1, 0, 1, 0, 1]
Iteration 2 --------------
[1, 0, 1, 1, 1, 0, 1, 1, 0, 1, 0]
Total Accuracy: 53.1553119098226%

[1, 0, 1, 1, 1, 1, 0, 1, 1, 1, 1]
Total Accuracy: 56.003012254047654%

[1, 1, 1, 1, 1, 1, 1, 1, 1, 1, 1]
Total Accuracy: 56.456578320883374%

[1, 1, 1, 0, 1, 0, 0, 0, 1, 1, 1]
Total Accuracy: 57.05083903434733%

[1, 0, 0, 0, 1, 0, 1, 1, 1, 0, 0]
Total Accuracy: 49.539430399788586%

[1, 1, 0, 1, 0, 1, 1, 1, 1, 1, 0]
Total Accuracy: 53.559215481243044%

[1, 1, 1, 1, 0, 0, 1, 1, 0, 1, 1]
Total Accuracy: 56.78332980223577%

[1, 1, 1, 0, 0, 0, 1, 1, 1, 1, 0]
Total Accuracy: 53.887239980225864%

[1, 1, 1, 1, 1, 0, 0, 1, 1, 0, 1]
Total Accuracy: 55.20611392459854%

[0, 1, 1, 1, 1, 1, 1, 1, 1, 0, 0]
Total Accuracy: 50.91451930371312%

gBestValue + gBestPos : 
57.05083903434733 [1, 1, 1, 0, 1, 0, 0, 0, 1, 1, 1]
Iteration 3 --------------
[1, 0, 0, 1, 1, 1, 1, 1, 1, 1, 0]
Total Accuracy: 52.10867670409631%

[1, 1, 1, 1, 0, 0, 0, 1, 1, 1, 1]
Total Accuracy: 58.3640716516652%

[1, 0, 1, 1, 1, 0, 1, 1, 1, 1, 1]
Total Accuracy: 56.00043819781892%

[1, 0, 0, 1, 1, 1, 1, 1, 0, 0, 0]
Total Accuracy: 50.19821987119467%

[1, 0, 0, 0, 0, 1, 1, 0, 0, 1, 1]
Total Accuracy: 57.18679813740297%

[1, 0, 0, 1, 0, 1, 1, 0, 1, 1, 0]
Total Accuracy: 49.54298484817419%

[0, 1, 1, 1, 1, 0, 1, 1, 1, 0, 0]
Total Accuracy: 51.97108384192529%

[1, 1, 0, 1, 0, 1, 1, 1, 0, 0, 0]
Total Accuracy: 50.589940586435574%

[1, 0, 0, 1, 1, 1, 1, 0, 0, 0, 1]
Total Accuracy: 53.42935686183385%

[0, 0, 1, 1, 1, 0, 1, 1, 1, 1, 1]
Total Accuracy: 57.7140428333527%

gBestValue + gBestPos : 
58.3640716516652 [1, 1, 1, 1, 0, 0, 0, 1, 1, 1, 1]
Iteration 4 --------------
[0, 0, 1, 1, 0, 1, 1, 1, 1, 1, 0]
Total Accuracy: 55.27846782258855%

[1, 1, 1, 1, 0, 1, 0, 0, 0, 1, 0]
Total Accuracy: 50.26836614975955%

[0, 1, 1, 1, 1, 1, 0, 1, 1, 1, 1]
Total Accuracy: 56.72364616579756%

[1, 0, 1, 1, 1, 1, 0, 1, 1, 0, 1]
Total Accuracy: 54.227138079584094%

[1, 0, 0, 0, 1, 1, 1, 1, 1, 0, 1]
Total Accuracy: 55.5398656360418%

[1, 1, 1, 0, 0, 1, 0, 1, 1, 1, 0]
Total Accuracy: 53.82580753923505%

[1, 0, 0, 1, 0, 1, 1, 1, 1, 0, 1]
Total Accuracy: 54.422287376667875%

[1, 0, 1, 1, 0, 1, 1, 1, 1, 1, 0]
Total Accuracy: 53.96091860933988%

[0, 0, 0, 1, 1, 1, 1, 0, 1, 1, 0]
Total Accuracy: 51.57804397697269%

[0, 1, 0, 0, 1, 0, 1, 1, 1, 1, 1]
Total Accuracy: 56.00519094125392%

gBestValue + gBestPos : 
58.3640716516652 [1, 1, 1, 1, 0, 1, 0, 0, 0, 1, 0]
Iteration 5 --------------
[1, 1, 0, 0, 1, 1, 1, 0, 0, 1, 0]
Total Accuracy: 51.05747863685964%

[1, 1, 1, 1, 0, 1, 0, 0, 0, 0, 1]
Total Accuracy: 55.663578778786984%

[1, 0, 1, 1, 1, 1, 1, 1, 1, 1, 1]
Total Accuracy: 55.804279120733916%

[1, 1, 0, 0, 1, 1, 0, 1, 1, 1, 1]
Total Accuracy: 56.00740380037225%

[1, 1, 0, 1, 0, 1, 1, 1, 1, 1, 0]
Total Accuracy: 53.559215481243044%

[1, 1, 0, 1, 1, 1, 1, 1, 0, 1, 0]
Total Accuracy: 53.82240811742381%

[1, 0, 1, 0, 1, 1, 1, 0, 0, 1, 1]
Total Accuracy: 56.72667892299246%

[1, 0, 1, 1, 1, 0, 1, 1, 1, 1, 1]
Total Accuracy: 56.00043819781892%

[1, 1, 1, 1, 1, 0, 1, 1, 1, 1, 0]
Total Accuracy: 55.00829830712348%

[0, 0, 1, 1, 1, 1, 0, 1, 1, 1, 1]
Total Accuracy: 55.87096868258167%

gBestValue + gBestPos : 
58.3640716516652 [1, 1, 1, 1, 0, 1, 0, 0, 0, 0, 1]
Iteration 6 --------------
[1, 1, 1, 1, 1, 1, 1, 1, 1, 1, 1]
Total Accuracy: 56.456578320883374%

[0, 1, 1, 1, 0, 1, 0, 0, 1, 0, 1]
Total Accuracy: 53.23242424656629%

[1, 1, 0, 1, 1, 0, 1, 1, 0, 1, 0]
Total Accuracy: 55.08113414297984%

[1, 1, 0, 1, 1, 0, 1, 1, 0, 1, 1]
Total Accuracy: 57.59202700947928%

[1, 1, 0, 0, 1, 1, 1, 1, 0, 1, 0]
Total Accuracy: 51.850025401121286%

[0, 0, 1, 1, 0, 1, 1, 1, 0, 0, 0]
Total Accuracy: 49.93206339117499%

[1, 1, 1, 0, 1, 0, 1, 1, 0, 0, 1]
Total Accuracy: 56.52014924013058%

[1, 1, 1, 1, 0, 1, 1, 1, 1, 1, 0]
Total Accuracy: 53.16048246183567%

[0, 1, 0, 1, 1, 0, 1, 1, 1, 0, 1]
Total Accuracy: 54.551309581576334%

[1, 0, 1, 1, 1, 1, 0, 1, 0, 1, 0]
Total Accuracy: 52.8969238444768%

gBestValue + gBestPos : 
58.3640716516652 [0, 1, 1, 1, 0, 1, 0, 0, 1, 0, 1]
Iteration 7 --------------
[1, 0, 1, 0, 1, 1, 1, 1, 1, 0, 1]
Total Accuracy: 55.8714334205856%

[0, 1, 0, 1, 0, 1, 1, 1, 0, 0, 1]
Total Accuracy: 53.76227739846955%

[1, 0, 0, 0, 1, 1, 1, 1, 0, 1, 1]
Total Accuracy: 57.252083347571634%

[0, 1, 0, 1, 1, 1, 0, 1, 1, 1, 0]
Total Accuracy: 53.841562613194455%

[0, 1, 0, 1, 1, 1, 0, 1, 1, 1, 0]
Total Accuracy: 53.841562613194455%

[1, 1, 0, 0, 1, 1, 0, 0, 1, 0, 1]
Total Accuracy: 52.31608426337887%

[0, 0, 1, 1, 1, 0, 1, 1, 1, 0, 1]
Total Accuracy: 54.75350512692587%

[0, 0, 1, 1, 1, 1, 1, 1, 1, 1, 0]
Total Accuracy: 55.141637335775485%

[0, 0, 1, 1, 1, 1, 1, 1, 1, 1, 1]
Total Accuracy: 57.11967869290159%

[1, 0, 1, 1, 1, 0, 1, 0, 0, 1, 1]
Total Accuracy: 57.187669748973136%

gBestValue + gBestPos : 
58.3640716516652 [0, 1, 0, 1, 0, 1, 1, 1, 0, 0, 1]
Iteration 8 --------------
[0, 0, 1, 1, 1, 1, 1, 0, 1, 1, 0]
Total Accuracy: 51.25047259754373%

[0, 1, 1, 1, 0, 1, 1, 1, 0, 1, 1]
Total Accuracy: 55.927619561824976%

[1, 1, 0, 1, 1, 0, 1, 1, 1, 1, 1]
Total Accuracy: 55.80907207311877%

[0, 0, 1, 1, 1, 1, 0, 1, 0, 1, 1]
Total Accuracy: 56.85562059609483%

[1, 1, 0, 0, 1, 1, 1, 1, 1, 1, 1]
Total Accuracy: 56.20262223862475%

[1, 1, 1, 1, 1, 1, 1, 1, 0, 1, 1]
Total Accuracy: 56.39256624225152%

[1, 1, 0, 1, 0, 0, 1, 1, 1, 0, 1]
Total Accuracy: 55.26708755071682%

[1, 0, 1, 1, 1, 0, 0, 0, 0, 1, 0]
Total Accuracy: 48.88021719667303%

[1, 1, 1, 1, 1, 1, 1, 0, 1, 1, 1]
Total Accuracy: 55.53676977471598%

[0, 0, 1, 1, 1, 1, 1, 1, 1, 1, 1]
Total Accuracy: 57.11967869290159%

gBestValue + gBestPos : 
58.3640716516652 [0, 1, 1, 1, 0, 1, 1, 1, 0, 1, 1]
Iteration 9 --------------
[0, 1, 0, 1, 1, 0, 1, 1, 1, 1, 0]
Total Accuracy: 54.285078492881986%

[1, 0, 1, 0, 1, 1, 0, 1, 0, 0, 1]
Total Accuracy: 55.74029574650821%

[1, 0, 0, 1, 1, 0, 1, 1, 1, 1, 1]
Total Accuracy: 54.74205616951091%

[0, 1, 1, 0, 1, 1, 0, 1, 1, 1, 0]
Total Accuracy: 54.2241105620824%

[1, 1, 1, 0, 1, 1, 1, 1, 0, 1, 1]
Total Accuracy: 56.983759912702155%

[0, 1, 0, 0, 1, 1, 1, 1, 1, 1, 1]
Total Accuracy: 55.93902887982195%

[1, 1, 1, 1, 1, 1, 1, 1, 1, 1, 0]
Total Accuracy: 53.228892123829894%

[1, 1, 0, 1, 1, 0, 1, 1, 1, 1, 1]
Total Accuracy: 55.80907207311877%

[0, 1, 1, 1, 1, 0, 1, 1, 0, 1, 1]
Total Accuracy: 59.22760782946849%

[0, 1, 1, 1, 1, 1, 0, 1, 1, 1, 1]
Total Accuracy: 56.72364616579756%

gBestValue + gBestPos : 
59.22760782946849 [0, 1, 1, 1, 1, 0, 1, 1, 0, 1, 1]
print history : 
0 55.01314285909554
1 57.05083903434733
2 58.3640716516652
3 58.3640716516652
4 58.3640716516652
5 58.3640716516652
6 58.3640716516652
7 58.3640716516652
8 59.22760782946849
Program execution time : 749.4841170310974 s
